# callgrind format
version: 1
creator: callgrind-3.13.0
pid: 4315
cmd:  ./kara768
part: 1


desc: I1 cache: 
desc: D1 cache: 
desc: LL cache: 

desc: Timerange: Basic block 0 - 122492
desc: Trigger: Program termination

positions: line
events: Ir
summary: 755324


ob=(1) /lib/x86_64-linux-gnu/ld-2.27.so
fl=(78) /build/glibc-kAz5Pl/glibc-2.27/elf/dl-init.c
fn=(302) call_init.part.0
36 4
+3 4
-3 8
+3 12
-11 21
+16 15
+5 4
+9 12
cob=(3) /lib/x86_64-linux-gnu/libc-2.27.so
cfi=(80) /build/glibc-kAz5Pl/glibc-2.27/csu/../csu/init-first.c
cfn=(314) _init
calls=1 -6 
* 207
cob=(2) ???
cfi=(18) ???
cfn=(304) 0x0000000004026000
calls=1 -58 
* 6
* 2
+4 4
+6 2
+2 4
-2 4
+3 10
+1 8
cob=(3)
cfi=(86) /build/glibc-kAz5Pl/glibc-2.27/string/../sysdeps/x86/cacheinfo.c
cfn=(328) init_cacheinfo
calls=1 488 
* 1729
cob=(4) /usr/lib/valgrind/vgpreload_core-amd64-linux.so
cfi=(79) ???
cfn=(308) 0x0000000000001120
calls=1 -72 
* 17
* 2
-1 4
+3 18
-29 3
-5 3

fn=(300) _dl_init
79 11
+1 1
+1 1
+3 3
+8 2
+25 1
+1 6
+1 12
-89 17
+88 6
cfn=(302)
calls=3 -82 
* 2027
* 6
+7 8
-95 2
+57 3
cfn=(302)
calls=1 -51 
* 76
* 1

fl=(34) /build/glibc-kAz5Pl/glibc-2.27/setjmp/../sysdeps/x86_64/setjmp.S
fn=(112) __sigsetjmp
26 3
+9 3
+1 6
+1 3
+4 3
+1 3
+1 3
+1 3
+1 3
+2 6
+2 3
+1 3
+3 6
+2 3
+4 3
+1 3

fl=(12) /build/glibc-kAz5Pl/glibc-2.27/elf/../sysdeps/unix/sysv/linux/x86_64/brk.c
fn=(22) brk
31 7
+8 1
-6 2
+7 1

fl=(20) /build/glibc-kAz5Pl/glibc-2.27/string/../sysdeps/x86_64/multiarch/memmove-vec-unaligned-erms.S
fn=(48) memcpy
129 14
+2 14
+1 14
+1 8
+1 8
+5 5
+1 5
+1 5
+1 5
+5 5
267 6
+1 6
+1 1
+1 1
+1 1
+1 1
+1 1
+1 1
+1 1
+2 1
+22 5
+1 5
+1 5
+1 5
+1 5
+24 3
+1 3
+1 3
+1 3
+22 3
+1 3
+1 3
+1 3
+1 3
+1 3
+1 3
+1 3
+2 3

fn=(74) mempcpy
116 26
+1 26
+1 26
+13 26
+1 26
+1 4
+1 4
+5 3
+1 3
+1 3
+1 3
+5 3
267 22
+1 22
+1 8
+1 8
+1 3
+1 3
+1 1
+4 1
+22 14
+1 14
+1 14
+1 14
+1 14
+3 5
+1 5
+1 5
+1 5
+1 5
+3 2
+1 2
+1 2
+1 2
+1 2
+10 1
+1 1
+1 1
+1 1
+22 1
+1 1
+1 1
+1 1
+1 1
+1 1
+1 1
+1 1
+2 1

fl=(95) /build/glibc-kAz5Pl/glibc-2.27/elf/../elf/dl-runtime.c
fn=(378) _dl_fixup
66 12
+6 12
-6 6
+3 12
+3 18
-4 6
+5 6
+2 6
-2 30
+2 6
-2 6
+2 6
+5 12
+4 12
+4 6
+7 6
-7 12
+4 12
+1 24
+2 24
+7 12
-1 6
+1 6
+10 54
cfi=(6) /build/glibc-kAz5Pl/glibc-2.27/elf/dl-lookup.c
cfn=(194) _dl_lookup_symbol_x
calls=6 790 
* 4836
* 6
+4 30
+10 42
+16 6
-8 6
+8 18
+4 18
fi=(5) /build/glibc-kAz5Pl/glibc-2.27/elf/../sysdeps/x86_64/dl-machine.h
+96 6
fe=(95)
-92 18

fl=(109) /build/glibc-kAz5Pl/glibc-2.27/elf/dl-open.c
fn=(428) _dl_find_dso_for_object
176 5
+4 5
+1 4
+1 12
+1 2
-2 6
+5 2
+4 7

fl=(17) /build/glibc-kAz5Pl/glibc-2.27/elf/dl-object.c
fn=(50) _dl_add_to_namespace_list
31 6
+2 3
-2 9
+2 6
cfi=(2) /build/glibc-kAz5Pl/glibc-2.27/elf/rtld.c
cfn=(52) rtld_lock_default_lock_recursive
calls=3 784 
* 6
+2 22
+3 15
+2 2
+2 2
+4 2
+4 2
-4 4
+1 2
+4 4
-4 2
+1 2
+3 2
-3 2
+2 2
cfi=(2)
cfn=(54) rtld_lock_default_unlock_recursive
calls=2 790 
* 4
-4 1
+4 1
-4 2
+1 1
+4 2
-4 1
+1 1
+3 1
-3 1
+2 1
cfi=(2)
cfn=(54)
calls=1 790 
* 2
-5 2

fn=(38) _dl_new_object
59 36
+1 3
-1 3
+1 6
cfi=(13) /build/glibc-kAz5Pl/glibc-2.27/string/../sysdeps/x86_64/multiarch/../strlen.S
cfn=(28) strlen
calls=3 +19 
* 66
+6 3
-6 6
+6 3
+7 3
-7 3
-6 3
+6 9
+2 6
+5 9
cfi=(19) /build/glibc-kAz5Pl/glibc-2.27/elf/dl-minimal.c
cfn=(42) calloc
calls=3 +19 
* 147
* 3
+3 3
-3 3
+3 3
+4 3
+5 3
-6 3
+6 3
-5 3
+5 3
-5 3
+4 3
+1 6
-1 3
+1 3
cfi=(20)
cfn=(48)
calls=3 +44 
* 41
+10 3
-10 3
+10 3
-10 3
+10 3
-8 3
+8 6
+1 3
-1 3
+1 9
+3 3
-3 3
+3 3
+9 3
-7 3
+4 3
+3 8
+2 2
-2 2
+2 30
-2 30
+18 6
-6 3
+1 3
+5 3
-6 3
+6 9
+2 2
+3 2
-3 4
+3 2
+4 6
+4 5
+8 1
+3 1
+3 2
-3 1
+3 1
-3 2
+3 4
-3 2
+3 2
+2 2
+21 2
-21 2
cfi=(13)
cfn=(28)
calls=2 -76 
* 68
+4 2
-4 4
+17 2
-13 6
+64 2
+4 27
100 8
+39 6
+70 6
cfi=(20)
cfn=(74)
calls=2 -93 
* 32
* 42
+6 40
-1 40
+1 42
-1 2
+1 6
+5 4
-96 1
+7 4
+32 4
cfi=(19)
cfn=(46) malloc
calls=2 50 
* 36
* 2
+1 2
-1 4
+1 2

fl=(30) /build/glibc-kAz5Pl/glibc-2.27/elf/dl-debug.c
fn=(90) _dl_debug_initialize
49 8
+5 6
+5 2
-1 1
+1 2
+1 2
-1 1
+5 1
-14 4
+4 8
+4 1
-1 1
+1 4

fn=(94) _dl_debug_state
74 2

fl=(45) /build/glibc-kAz5Pl/glibc-2.27/io/../sysdeps/unix/sysv/linux/close.c
fn=(144) close
27 12
+1 3

fl=(23) /build/glibc-kAz5Pl/glibc-2.27/posix/../sysdeps/unix/syscall-template.S
fn=(64) uname
78 4
+1 1

fl=(33) /build/glibc-kAz5Pl/glibc-2.27/elf/dl-error-skeleton.c
fn=(106) _dl_catch_error
213 6
+2 2
-2 1
+2 2
cfn=(110) _dl_catch_exception
calls=1 -40 
* 2439
* 1
+1 2
+1 1
+1 1
-1 1
+1 1
+2 5

fn=(110)
175 6
+15 3
-3 6
+4 3
-3 3
-13 3
+19 3
-3 3
+3 3
-19 3
+13 3
+2 3
+4 3
cfi=(34)
cfn=(112)
calls=3 26 
* 57
* 9
+2 9
cfi=(47) /build/glibc-kAz5Pl/glibc-2.27/elf/dl-deps.c
cfn=(150) openaux
calls=2 60 
* 5546
cfi=(2)
cfn=(114) map_doit
calls=1 588 
* 2389
+2 3
-1 3
+1 6
-1 3
+1 3
+9 12

fn=(170) _dl_receive_error
226 3
+1 1
+1 1
+3 1
+1 1
+2 2
cfi=(2)
cfn=(172) version_check_doit
calls=1 621 
* 2651
+2 1
+1 1
+1 4

fl=(29) /build/glibc-kAz5Pl/glibc-2.27/string/strdup.c
fn=(84) strdup
40 12
+1 3
cfi=(13)
cfn=(28)
calls=3 +38 
* 84
* 3
+1 6
cfi=(19)
cfn=(46)
calls=3 +8 
* 54
* 3
+2 6
+4 3
-1 6
+1 6
-1 6
cfi=(20)
cfn=(48)
calls=3 +82 
* 38

fl=(40) /build/glibc-kAz5Pl/glibc-2.27/io/../sysdeps/unix/sysv/linux/wordsize-64/fxstat.c
fn=(132) _fxstat
34 3
-1 3
+1 3
+1 18
+4 3

fl=(31) /build/glibc-kAz5Pl/glibc-2.27/elf/../elf/dl-tls.c
fn=(182) _dl_allocate_tls_storage
332 4
+2 1
+11 1
+1 2
cfi=(19)
cfn=(46)
calls=1 50 
* 18
* 1
+1 3
+8 4
+1 1
+4 297
+19 1
+2 2
cfn=(184) allocate_dtv
calls=1 278 
* 47
+1 2
+3 5

fn=(290) _dl_allocate_tls_init
437 7
+1 1
-1 1
+1 1
+4 1
+6 2
-6 1
+6 1
+12 1
-15 1
-1 2
+21 8
+6 15
+3 1
+1 2
+6 3
+3 1
-2 1
+6 1
-6 1
+2 1
+4 1
-4 2
+3 1
-3 1
+1 1
+2 1
+4 2
+1 4
+2 2
+1 1
+12 2
-12 2
+9 1
+3 2
cfi=(20)
cfn=(74)
calls=1 116 
* 12
* 4
cfi=(44) /build/glibc-kAz5Pl/glibc-2.27/string/../sysdeps/x86_64/multiarch/memset-vec-unaligned-erms.S
cfn=(140) memset
calls=1 109 
* 33
* 6
-42 2
+52 1
+4 2
+3 9

fn=(184)
278 3
+8 1
-8 1
+7 2
+1 2
cfi=(19)
cfn=(42)
calls=1 92 
* 27
* 1
+1 2
+9 1
-6 2
+6 1
+6 4

fn=(164) _dl_next_tls_modid
51 4
+48 1
+4 1

fn=(288) _dl_add_to_slotinfo
887 4
+9 1
-3 2
+8 7
+41 1
+1 1
+1 4

fn=(92) _dl_count_modids
113 2
+1 2

fn=(180) _dl_determine_tlsoffset
141 1
-6 5
+6 2
+3 2
+36 3
+2 4
-2 1
-2 1
-40 1
-1 1
-1 2
+69 2
+3 2
-3 5
+2 2
+10 1
-37 2
+25 1
-25 2
+5 1
-1 1
+5 2
-4 1
-1 2
+3 2
+2 3
-9 5
+93 1
-53 1
+1 1
+52 1
-1 1
+1 4

fl=(35) /build/glibc-kAz5Pl/glibc-2.27/elf/dl-misc.c
fn=(158) _dl_sysdep_read_whole_file
44 2
+3 1
-3 3
+3 1
-3 3
+3 1
cfi=(36) /build/glibc-kAz5Pl/glibc-2.27/io/../sysdeps/unix/sysv/linux/wordsize-64/lxstat.c
cfn=(122) open
calls=1 -8 
* 16
+1 2
+2 5
cfi=(40)
cfn=(132)
calls=1 -16 
* 10
* 2
+2 1
+3 1
-3 1
+3 1
+13 2
cfi=(45)
cfn=(144)
calls=1 -41 
* 5
+3 7
-14 6
cfi=(41) /build/glibc-kAz5Pl/glibc-2.27/misc/../sysdeps/unix/sysv/linux/mmap64.c
cfn=(134) mmap
calls=1 -13 
* 35
* 2

fn=(118) _dl_name_match_p
282 220
+1 88
cfi=(21) /build/glibc-kAz5Pl/glibc-2.27/string/../sysdeps/x86_64/strcmp.S
cfn=(56) strcmp
calls=44 144 
* 1140
* 44
+1 44
-1 44
+3 44
+2 88
+6 41
+1 205
-3 45
-4 90
+1 144
cfi=(21)
cfn=(56)
calls=48 144 
* 1314
* 96
+6 3
-11 3
+11 12

fl=(94) /build/glibc-kAz5Pl/glibc-2.27/elf/../sysdeps/x86_64/dl-trampoline.h
fn=(376) _dl_runtime_resolve_xsave
71 4
+3 4
+2 4
+10 4
+6 4
+1 4
+1 4
+1 4
+1 4
+1 4
+1 4
+4 4
+1 4
+3 4
+1 4
+2 4
+1 4
+1 4
+1 4
+1 4
+1 4
+2 4
+7 4
+1 4
+1 4
cfi=(95)
cfn=(378)
calls=4 -59 
* 3227
+1 4
+5 4
+1 4
+1 4
+2 4
+1 4
+1 4
+1 4
+1 4
+1 4
+1 4
+2 4
+2 4
+4 4
+3 4

fn=(377) _dl_runtime_resolve_xsave'2
71 2
+3 2
+2 2
+10 2
+6 2
+1 2
+1 2
+1 2
+1 2
+1 2
+1 2
+4 2
+1 2
+3 2
+1 2
+2 2
+1 2
+1 2
+1 2
+1 2
+1 2
+2 2
+7 2
+1 2
+1 2
cfi=(95)
cfn=(378)
calls=2 -59 
* 2071
+1 2
+5 2
+1 2
+1 2
+2 2
+1 2
+1 2
+1 2
+1 2
+1 2
+1 2
+2 2
+2 2
+4 2
+3 2

fl=(53) /build/glibc-kAz5Pl/glibc-2.27/elf/dl-version.c
fn=(176) _dl_check_map_versions
156 28
+15 12
+2 20
+2 4
+1 4
+2 4
-3 4
+1 4
+2 4
+3 6
-16 2
-8 4
+28 2
-4 2
+4 4
+16 2
37 2
201 2
37 2
201 2
37 10
+1 5
-1 10
+2 21
cfi=(35)
cfn=(118)
calls=7 282 
* 638
* 14
209 6
+5 2
-71 6
+71 4
-71 6
+79 2
-2 2
-2 4
+4 2
-4 14
+4 2
-2 2
-2 4
+4 2
-4 24
57 6
+8 6
-8 6
+8 6
+6 12
+16 4
+1 8
+2 4
+5 24
+14 56
+12 72
+4 24
-30 48
225 16
+3 12
+5 2
-11 2
111 4
+3 16
cfi=(21)
cfn=(56)
calls=4 +30 
* 161
* 20
237 8
+14 6
+3 8
+3 12
+3 8
+4 2
-7 8
+3 6
+4 30
-7 120
+3 92
+8 9
+89 36
-83 12
cfi=(19)
cfn=(42)
calls=3 92 
* 81
* 3
+1 3
-2 3
+2 3
+13 3
+2 3
-5 3
+3 3
+2 3
-2 3
+2 3
+3 8
+4 6
+18 2
-15 6
+2 6
-2 6
+2 6
+2 4
+1 4
-1 8
+1 4
-1 4
+1 4
+1 4
-2 4
+2 8
+1 12
+3 12
+8 6
+10 9
+3 8
+20 32
-14 68
-2 32
+6 32
+1 32
+1 32
-1 96
+1 32
-1 32
+1 32
+1 32
+3 104
-96 2
-86 2
-8 2
+94 3

fn=(174) _dl_check_all_versions
362 5
+4 5
-2 2
+4 24
cfn=(176)
calls=4 156 
* 2570
-2 4
+2 16
-2 8
+5 7

fl=(44)
fn=(140)
109 45
+2 9
+1 9
+1 2
+1 2
+60 2
+1 2
+10 2
+1 2
+1 2
+1 2
+1 2
+1 2
+1 2
+1 2
+1 2
+1 2
+1 2
+1 2
+1 2
+1 2
+2 31
+1 31
+1 31
+1 31
+1 31
+1 31
+1 31
+1 2
+15 7
+1 7
+1 7
+1 6
+1 6
+1 2
+1 2
+24 1
+1 1
+2 1
+3 4
+1 4
+2 4
+3 2
+1 2
+2 2

fl=(25) /build/glibc-kAz5Pl/glibc-2.27/elf/dl-hwcaps.c
fn=(68) _dl_important_hwcaps
42 4
+1 1
-1 8
+1 4
-1 1
+1 1
cfi=(9) /build/glibc-kAz5Pl/glibc-2.27/elf/dl-tunables.c
cfn=(26) __tunable_get_val
calls=1 373 
* 18
* 1
+3 3
-3 1
+12 6
+1 3
+1 1
-2 1
+2 1
-2 5
+1 3
+1 1
-2 1
+2 1
-2 5
+10 3
fi=(26) /build/glibc-kAz5Pl/glibc-2.27/elf/../sysdeps/unix/sysv/linux/not-errno.h
-37 4
fe=(25)
131 4
-2 1
+17 6
+3 2
329 9
69 3
+77 1
+20 1
-19 1
+36 10
+1 3
-1 2
+1 3
fi=(27) /build/glibc-kAz5Pl/glibc-2.27/elf/../sysdeps/x86/dl-hwcap.h
57 6
fe=(25)
186 1
+1 1
cfi=(13)
cfn=(28)
calls=1 79 
* 16
+1 1
-1 1
+1 3
-5 1
+5 1
-5 1
+5 2
-5 5
+8 3
+2 1
+1 6
+4 1
+4 1
-3 1
-1 1
+4 2
+3 3
+4 4
+1 1
-1 5
+1 3
+2 3
+2 2
-1 1
+1 1
-1 1
+2 2
+7 2
+6 11
+1 4
cfi=(19)
cfn=(46)
calls=1 50 
* 18
* 1
+1 1
-1 1
+1 3
+29 13
+3 4
+7 1
+10 12
-4 2
-3 1
+3 1
cfi=(20)
cfn=(74)
calls=1 116 
* 16
* 2
-3 1
+3 1
cfi=(20)
cfn=(74)
calls=1 116 
* 16
* 6
+3 7
+1 12
+1 4
cfi=(20)
cfn=(74)
calls=1 116 
* 14
-2 1
+2 2
-2 1
+5 6
cfi=(20)
cfn=(74)
calls=2 116 
* 28
+2 2
-2 4
+2 5
-7 4
+12 1
+1 2
-1 9
+1 14
-1 15
+5 7
+3 1
-3 1
+3 2
-3 1
+3 1
-3 4
+3 2
-3 2
+3 4
-3 2
+3 2
+1 36
+1 12
-1 12
+1 24
-2 12
+1 24
-1 39
+4 6
+3 1
+2 2
-1 1
-1 2
+2 3
-1 1
+1 2
+3 2
+3 1
-3 1
-3 2
+2 6
+3 1
+1 1
-1 1
-5 5
+13 8
+1 1
-1 2
+3 2
-3 3
+1 3
-1 6
+3 6
+3 3
+2 1
-63 2

fl=(15) /build/glibc-kAz5Pl/glibc-2.27/elf/dl-environ.c
fn=(34) _dl_next_ld_env_entry
29 3
+3 10
+13 59
-13 177
+2 122
+1 24
+5 2
-3 2
+3 2
+2 2
+7 1

fl=(16) /build/glibc-kAz5Pl/glibc-2.27/string/../sysdeps/x86_64/memcmp.S
fn=(36) bcmp
24 2
+1 2
+1 2
+1 2
+1 2
+1 2
+1 2
+1 2
+3 2
+1 2
+1 1
+1 1
+1 1
+1 1
+1 1
+1 1
+1 1
+2 2
+1 2
+1 1
+1 1
+1 1
+1 1
+1 1
+1 1
+1 1
+2 2
+1 2
+1 2
+1 2
+1 2
+1 2
+1 1
+1 1
+1 1
+2 1
+1 1
+1 1
+1 1
+1 1
+1 1
+29 2
+1 2
+15 2
+1 2

fl=(41)
fn=(134)
44 18
+3 9
-6 108
+6 9
+5 90
+2 63
-7 10

fl=(137) /build/glibc-kAz5Pl/glibc-2.27/elf/dl-fini.c
fn=(538) _dl_fini
30 8
+20 3
-3 6
+3 4
+3 2
cfi=(2)
cfn=(52)
calls=1 784 
* 2
+2 1
+3 2
+2 8
+8 1
-3 1
+8 1
-5 6
+7 8
+2 8
+2 8
+1 4
+1 4
+4 4
-12 12
+14 6
+1 4
+6 3
cfi=(52) /build/glibc-kAz5Pl/glibc-2.27/elf/dl-sort-maps.c
cfn=(168) _dl_sort_maps
calls=1 -66 
* 252
+10 2
cfi=(2)
cfn=(54)
calls=1 790 
* 2
+5 6
+2 1
+2 3
-2 3
+2 9
+3 8
+3 12
+4 4
+11 2
+1 2
-1 2
+2 2
-2 2
+2 2
+1 14
+1 2
cob=(4)
cfi=(79)
cfn=(562) 0x00000000000010e0
calls=1 0 
* 95
cob=(5) /home/kzoacn/PolyMultiply/kara768
cfi=(88) ???
cfn=(540) 0x00000000000008e0
calls=1 0 
* 96
* 2
-1 6
+5 4
+1 6
cob=(2)
cfi=(18)
cfn=(578) 0x0000000004026288
calls=1 0 
* 3
cob=(2)
cfi=(18)
cfn=(560) 0x0000000000128b94
calls=1 0 
* 3
+6 24
+16 8
-56 10
+62 6
+6 2
+7 8
-90 7
+26 6

fl=(49) /build/glibc-kAz5Pl/glibc-2.27/elf/dl-cache.c
fn=(162) _dl_cache_libcmp
142 40
+2 196
+20 96
+2 96
+4 39
-28 39
+29 78
-29 78
+4 2
+8 1
-2 2
+1 2
+1 2
-2 1
+2 1
+2 3
-3 1
+3 1
+2 2
cfn=(163) _dl_cache_libcmp'2
calls=1 -16 
* 7
+9 18

fn=(163)
142 4
+32 3

fn=(294) _dl_unload_cache
326 4
-1 1
+3 2
cfi=(51) /build/glibc-kAz5Pl/glibc-2.27/misc/../sysdeps/unix/syscall-template.S
cfn=(296) munmap
calls=1 78 
* 5
+1 1
+2 2

fn=(156) _dl_load_cache_lookup
187 9
+8 2
+3 3
+51 4
+11 1
-2 1
fi=(50) /build/glibc-kAz5Pl/glibc-2.27/elf/../sysdeps/x86/dl-procinfo.h
39 1
fe=(49)
258 2
fi=(50)
39 3
+3 3
cfi=(21)
cfn=(56)
calls=1 144 
* 24
* 2
fe=(49)
264 4
cfi=(9)
cfn=(26)
calls=1 373 
* 18
* 1
fi=(26)
28 2
fe=(49)
264 1
fi=(26)
28 2
fe=(49)
285 1
-19 2
fi=(26)
32 2
fe=(49)
285 2
-15 2
+15 1
-15 1
+15 126
cfn=(162)
calls=9 142 
* 635
* 62
cfn=(162)
calls=1 142 
* 70
* 5
-15 2
+15 7
-14 2
-1 3
+15 24
+16 2
+4 2
+8 3
cfi=(13)
cfn=(28)
calls=1 79 
* 34
* 2
+1 1
-1 4
+1 2
cfi=(20)
cfn=(48)
calls=1 129 
* 10
+1 2
cfi=(29)
cfn=(84)
calls=1 40 
* 80
+1 8
201 4
cfi=(35)
cfn=(158)
calls=1 44 
* 107
+8 1
-8 1
+8 4
+1 7
+7 1
-3 1
+3 3
+3 1
+1 2
-1 1
+1 1
+1 8
+63 3
fi=(50)
42 3
fe=(49)

fl=(24) /build/glibc-kAz5Pl/glibc-2.27/elf/dl-load.c
fn=(116) _dl_map_object
2080 21
+8 3
-8 6
+8 3
+1 12
+3 42
+5 49
+2 21
cfi=(35)
cfn=(118)
calls=7 282 
* 777
* 14
+4 12
+1 18
+3 2
+1 2
+1 2
-1 2
+1 2
cfi=(21)
cfn=(56)
calls=2 144 
* 48
* 4
2391 27
2125 12
+10 6
-53 2
+89 4
-2 2
+2 2
cfi=(28) /build/glibc-kAz5Pl/glibc-2.27/string/../sysdeps/x86_64/multiarch/../strchr.S
cfn=(82) index
calls=2 24 
* 46
* 4
2322 5
cfn=(80) expand_dynamic_string_token
calls=1 320 
* 154
+1 1
-3 1
+3 2
+4 9
cfn=(120) open_verify.constprop.8
calls=1 1598 
* 224
+3 1
-3 1
+3 3
+12 4
+46 1
+1 3
-1 1
+1 9
cfn=(128) _dl_map_object_from_fd
calls=1 808 
* 1593
-1 1
+1 3
-1 1
+1 9
cfn=(128)
calls=1 808 
* 1709
* 6
2171 1
+4 2
cfi=(13)
cfn=(28)
calls=1 79 
* 16
* 1
+2 1
-2 1
+2 1
+7 4
+36 12
cfn=(152) open_path
calls=1 1932 
* 1326
+6 2
-6 1
+6 3
601 3
2314 2
+28 5
+2 2
-95 1
-14 1
+14 1
+2 3
+4 2
cfi=(49)
cfn=(156)
calls=1 187 
* 1328
+2 1
-2 1
+2 1
+4 2
+8 3
+23 10
cfn=(120)
calls=1 1598 
* 218
+4 2
-4 1
+4 3
+1 2
-88 8
601 3
2219 2
+1 2
-32 1
+1 2
-1 3
+8 7
-3 3
601 3
2194 2
+14 2

fn=(120)
1598 100
+39 10
-39 30
+39 10
-39 10
+39 10
+31 40
cfi=(36)
cfn=(122)
calls=10 39 
* 184
+2 10
-2 10
+2 12
+10 2
+1 4
+5 12
cfi=(38) /build/glibc-kAz5Pl/glibc-2.27/io/../sysdeps/unix/sysv/linux/read.c
cfn=(126) read
calls=2 27 
* 10
+2 4
+2 2
+2 2
-2 2
+2 2
+6 4
+16 32
+74 4
+5 4
+2 8
+6 4
+11 4
+6 2
+1 2
+1 2
-2 6
+1 6
+21 94
+2 42
+13 6
+3 8
+1 2
+12 12
-3 18
+15 2
+3 1
+1 3
+1 1
-1 1
-1 1
+3 3
+1 3
1650 8
1918 90
1714 2
1871 12
+3 2
-4 2
+4 4
+5 1
+1 2
-51 2

fn=(66) _dl_init_paths
623 1
+13 3
-13 5
+13 1
-13 1
+13 1
cfi=(25)
cfn=(68)
calls=1 42 
* 715
+5 1
-5 1
+5 1
cfi=(19)
cfn=(46)
calls=1 50 
* 18
* 1
+1 1
-2 1
+2 1
+8 2
-1 1
+1 1
-1 3
+4 4
cfi=(19)
cfn=(46)
calls=1 50 
* 18
* 1
+2 1
-2 1
+2 1
+29 1
-9 1
-3 1
+5 1
-1 1
-15 1
+23 1
-9 1
-13 1
+10 1
+1 2
+3 1
-12 1
+20 1
-3 16
+1 4
-1 12
+1 28
-1 84
+3 18
-8 3
-6 3
+10 3
+4 3
-12 3
+4 3
-3 3
+4 3
-2 3
+5 3
-3 6
+18 1
-11 1
+6 1
+1 1
+5 2
+2 4
+2 3
+38 4
-19 1
-2 2
+2 2
+21 2
cfi=(13)
cfn=(28)
calls=1 79 
* 16
* 8
cfi=(20)
cfn=(48)
calls=1 129 
* 10
* 1
+5 4
-1 2
+2 56
-1 57
+5 1
cfi=(19)
cfn=(46)
calls=1 50 
* 18
* 1
+1 1
-2 1
+2 1
+6 7
cfn=(76) fillin_rpath
calls=1 389 
* 612
+3 3
+6 1
+4 7
-37 2

fn=(128)
808 22
+10 2
-10 2
+10 2
-10 6
+10 2
cfi=(30)
cfn=(90)
calls=2 49 
* 16
fi=(39) /build/glibc-kAz5Pl/glibc-2.27/elf/../sysdeps/posix/dl-fileid.h
37 6
fe=(24)
818 2
fi=(39)
37 2
cfi=(40)
cfn=(132)
calls=2 -3 
* 20
* 4
+4 2
fe=(24)
834 2
fi=(39)
40 2
+1 2
fe=(24)
834 27
+1 10
fi=(39)
49 13
fe=(24)
1346 18
852 4
+24 8
+10 4
+22 8
+32 4
819 2
943 14
cfi=(17)
cfn=(38)
calls=2 59 
* 758
+1 2
-1 2
+1 2
+11 4
+5 2
-5 2
+1 2
+5 2
-5 2
+1 2
+2 2
-2 2
+2 4
+1 6
+20 2
-2 2
+10 2
-8 12
+8 2
-8 2
+8 2
+97 4
-97 2
-6 2
-1 2
-5 2
1085 10
-96 32
-1 133
+1 107
+6 4
+5 4
+1 8
+11 30
+5 48
+9 18
-1 18
+1 6
+1 12
+2 6
-2 6
+1 6
-1 6
+3 6
+4 6
-7 6
+3 6
-1 6
+5 6
+1 24
+5 4
-1 4
+1 4
-15 4
+14 4
+1 20
+10 4
-10 2
-1 2
+1 2
-15 2
+14 2
+1 10
+10 2
-44 2
+1 1
+46 3
+4 1
+1 1
+1 1
-1 2
+1 1
+4 1
+3 1
-3 1
+7 4
+6 1
cfi=(31)
cfn=(164)
calls=1 51 
* 6
* 1
+1 1
+19 4
+1 4
+1 2
-6 4
+1 2
+8 10
956 2
1110 2
956 2
1110 2
+10 4
fi=(42) /build/glibc-kAz5Pl/glibc-2.27/elf/./dl-map-segments.h
50 2
+6 6
fe=(24)
1120 2
fi=(42)
56 2
fe=(24)
1120 4
fi=(42)
50 2
+6 4
fe=(24)
1120 6
fi=(42)
56 2
cfi=(41)
cfn=(134)
calls=2 -12 
* 72
+4 2
-4 2
+4 6
+3 4
+1 2
+2 2
-2 2
-1 2
+3 2
+14 4
fi=(43) /build/glibc-kAz5Pl/glibc-2.27/elf/./dl-load.h
+10 12
+1 6
+2 12
fi=(42)
+11 24
+45 6
-59 30
+2 24
+2 36
cfi=(41)
cfn=(134)
calls=4 -50 
* 132
* 12
fe=(24)
1062 4
fi=(42)
110 2
+2 2
-2 2
+1 2
+2 2
-1 2
+1 2
-1 6
+8 4
+3 4
+8 16
cfi=(44)
cfn=(140)
calls=2 -22 
* 249
* 6
+6 4
+4 9
cfi=(41)
cfn=(134)
calls=1 -97 
* 33
+3 3
-71 9
cfi=(51)
cfn=(166) mprotect
calls=1 +5 
* 5
* 3
fi=(43)
+21 5
+2 1
-1 3
+1 1
-1 1
+1 2
-1 2
+3 4
fe=(24)
1132 8
+9 4
fi=(3) /build/glibc-kAz5Pl/glibc-2.27/elf/get-dynamic-info.h
42 2
fe=(24)
1141 2
fi=(3)
42 2
+6 2
-2 2
+2 4
+15 2
+5 2
+3 2
-1 2
-3 2
-3 36
+10 8
-26 24
+16 35
+10 35
-26 105
+26 2
-26 6
+2 90
+13 40
+2 8
+16 4
+20 7
+1 8
+1 8
+1 8
+2 8
+5 8
+1 7
+1 8
+6 6
+5 4
+7 4
+1 6
+18 6
+5 1
+2 1
-2 1
+2 1
+2 2
+2 2
+3 6
+10 1
-8 4
+8 1
+5 2
+3 4
fe=(24)
1148 4
+15 6
+19 4
+2 10
+54 6
+1 2
+3 2
cfi=(45)
cfn=(144)
calls=1 27 
* 5
* 2
cfi=(45)
cfn=(144)
calls=1 27 
* 5
* 4
+9 4
+2 6
+2 2
-2 2
+2 2
+16 4
cfi=(6)
cfn=(10) _dl_setup_hash
calls=2 939 
* 46
+4 4
+1 4
+17 4
+1 1
+8 1
-5 3
+5 2
-5 3
+5 1
+10 4
+10 6
cfi=(17)
cfn=(50)
calls=2 31 
* 82
+4 6
fi=(3)
68 8
+3 8
+1 2
+1 8
fe=(24)
1251 2

fn=(80)
320 12
+10 4
-10 2
+10 2
cfi=(28)
cfn=(82)
calls=2 24 
* 70
* 4
+15 2
-11 2
+11 8
-11 2
cfi=(29)
cfn=(84)
calls=2 40 
* 150

fn=(152)
1932 8
+1 1
+6 1
-6 1
+6 1
+5 9
-7 1
-1 1
+8 10
+12 4
+7 3
+1 1
-13 3
+12 1
cfi=(20)
cfn=(74)
calls=1 116 
* 12
* 1
+55 2
-8 6
-46 2
+46 24
-46 16
+3 16
+4 48
cfi=(20)
cfn=(74)
calls=8 116 
* 101
* 32
cfi=(20)
cfn=(74)
calls=8 116 
* 96
+3 16
+3 24
+3 72
cfn=(120)
calls=8 1598 
* 424
* 8
+2 40
+2 16
+89 9
-24 7
+7 1
-2 1
+2 4
+3 3
-13 2
-57 16
+1 64
+6 16
+2 16
-2 24
+2 16
cfi=(48) /build/glibc-kAz5Pl/glibc-2.27/io/../sysdeps/unix/sysv/linux/wordsize-64/xstat.c
cfn=(154) _xstat
calls=8 34 
* 101
* 16
+1 4
+2 7
-37 14
+39 2
-39 2

fn=(76)
389 7
+2 1
-2 9
+4 3
cfi=(19)
cfn=(78) strsep
calls=1 265 
* 281
* 3
cfi=(19)
cfn=(78)
calls=1 265 
* 7
* 6
+7 2
+2 3
cfn=(80)
calls=1 -82 
* 104
+4 1
-4 1
+4 1
+5 2
cfi=(13)
cfn=(28)
calls=1 79 
* 16
+1 2
+7 6
+9 17
+1 8
+57 2
cob=(2)
cfi=(18)
cfn=(86) 0x0000000004000f00
calls=1 0 
* 5
* 1
-39 2
+4 7
-1 1
cfi=(19)
cfn=(46)
calls=1 50 
* 18
* 1
+3 3
+5 1
+1 2
-2 2
+2 1
cfi=(20)
cfn=(74)
calls=1 116 
* 12
+3 1
-2 1
-1 1
+1 1
+2 1
+6 4
+1 4
+1 1
-1 3
+1 7
-1 21
+4 1
-1 1
+1 1
-1 1
+1 1
+8 1
-1 1
+4 3
-37 2
-28 1
+5 4
+66 1
+3 9
-15 2

fl=(36)
fn=(122)
39 11
fi=(37) /build/glibc-kAz5Pl/glibc-2.27/io/../sysdeps/unix/sysv/linux/open64.c
-3 11
+3 66
+8 77
+2 3
-2 24
+2 8
fe=(36)

fl=(52)
fn=(168)
28 16
+2 2
-2 2
+2 2
+92 10
-88 10
+1 4
-1 2
-1 2
+1 8
+1 2
cfi=(44)
cfn=(140)
calls=2 +74 
* 30
* 32
+4 4
+3 2
-3 4
+1 6
+2 2
-7 8
+4 8
+3 4
-3 8
+1 12
+2 4
+12 36
+2 12
+1 8
-1 6
+1 4
+2 18
+1 12
+58 24
cfi=(44)
cfn=(140)
calls=4 -9 
* 64
* 12
-28 24
-36 12
+61 28
-25 9
-44 12
+69 2
+7 16

fl=(8) /build/glibc-kAz5Pl/glibc-2.27/elf/../sysdeps/x86/cpu-features.c
fn=(24) get_common_indeces.constprop.1
34 2
+4 4
+3 3
+4 1
-4 1
+4 1
-4 1
+3 1
+1 2
+1 4
+1 4
+1 3
+1 2
+7 2
+1 7
+7 3
+4 2
+2 4
+40 2
+4 4
+1 2
+3 1
+7 1
-8 1
+4 1
+2 1
-2 1
+4 2
+3 2
+50 3
74 2
+3 3
+3 1
-3 1
+3 1
+2 2
+2 2
+7 3
-5 2

fl=(51)
fn=(166)
78 20
+1 5

fn=(296)
78 4
+1 1

fl=(32) /build/glibc-kAz5Pl/glibc-2.27/string/../sysdeps/x86_64/strcspn.S
fn=(98) strcspn
30 1
+7 1
+1 1
+2 1
+1 1
+1 1
+1 1
+1 33
+3 2
+7 1
+1 1
+1 1
+1 1
+2 1
+1 1
+1 1
+1 1
+2 1
+1 1
+1 1
+9 3
+12 1
+2 1
+1 1
+1 1
-4 11
+2 11
+1 11
+1 11
+2 12
+1 12
+1 12
+2 12
+1 12
+1 12
+2 12
+1 12
+1 12
+2 1
+1 1
+1 1
+2 1
+7 1
+4 1

fl=(38)
fn=(126)
27 8
+1 2

fl=(21)
fn=(56)
144 206
+1 206
+2 206
+1 206
+21 206
+1 206
+1 127
+1 127
+1 110
+1 110
+1 110
+1 110
+21 110
+1 110
+1 110
+1 110
+1 110
+1 110
+1 110
+5 5
+1 5
+9 5
+1 5
+1 5
+1 5
+1 5
+1 5
+1 5
+1 5
-7 96
+1 96
+1 96
+1 96
+1 96
+1 96
+1 96
+1 96
+1 37
+1 17
+1 17
+1 17
+2 17
+1 17
+1 17
+1 17
+1 17
+1 17
-5 20
+1 20
+1 20
+1 20
+1 20
+1 20
+10 64
+1 64
+1 64
+2 64
+6 64
+1 64
+1 64
+1 64
+1 64
+5 64
+2 64
+1 64
+1 128
+8 64
+1 64
+3 64
+1 64
+1 64
+1 64
+1 64
+1 64
821 2
+1 2
+1 2
+1 2
+1 2
+2 2
+1 2
+1 2
+1 2
+1 2
+1 2
+1 2
+1 2
+4 2
+1 2
+1 2
+6 2
+1 2
+1 4
+4 2
+1 2
+3 2
+1 2
+1 2
+3 2
+1 2
+1 2
+6 2
+1 2
+1 2
+1 2
+1 2
+1 2
+72 3
+1 3
+1 3
+1 3
+1 3
+2 3
+1 3
+1 3
+1 3
+1 3
+1 3
+1 3
+1 2
+4 2
+1 2
+1 2
+6 2
+1 2
+1 4
+4 2
+1 2
+3 2
+1 2
+1 2
+3 2
+1 2
+1 2
+6 2
+1 2
+1 2
+1 2
+1 2
+1 2
+7 1
+1 1
+2 1
+1 1
+2 1
+1 1
+1 1
+3 1
+1 1
+1 1
+6 1
+1 1
+1 1
+1 1
+1 1
+1 1
+41 4
+1 4
+1 4
+1 4
+1 4
+2 4
+1 4
+1 4
+1 4
+1 4
+1 4
+1 4
+1 1
+4 1
+1 1
+1 1
+6 1
+1 1
+1 2
+4 1
+1 1
+3 1
+1 1
+1 1
+3 1
+1 1
+1 1
+6 1
+1 1
+1 1
+1 1
+1 1
+1 1
+72 3
+1 3
+1 3
+1 3
+1 3
+2 3
+1 3
+1 3
+1 3
+1 3
+1 3
+1 3
+1 1
+4 1
+1 1
+1 1
+6 1
+1 1
+1 2
+4 1
+1 1
+3 1
+1 1
+1 1
+3 1
+1 1
+1 1
+6 1
+1 1
+1 1
+1 1
+1 1
+1 1
+72 3
+1 3
+1 3
+1 3
+1 3
+2 3
+1 3
+1 3
+1 3
+1 3
+1 3
+1 3
1696 2
+1 2
+1 2
+1 2
+1 2
+2 2
+1 2
+1 2
+1 2
+1 2
+1 2
+1 2
+1 1
+4 1
+1 1
+1 1
+6 1
+1 1
+1 2
+4 1
+1 1
+3 1
+1 1
+1 1
+3 1
+1 1
+1 1
+6 1
+1 1
+1 1
+1 1
+1 1
+1 1
+7 1
+1 1
+2 1
+1 1
+2 1
+1 1
+1 1
+3 1
+1 1
+1 1
+6 1
+1 1
+1 1
+1 1
+1 1
+1 1
+41 12
+1 12
+1 12
+1 12
+1 12
+2 12
+1 12
+1 12
+1 12
+1 12
+1 12
+1 12
+1 12
+4 12
+1 12
+1 12
+6 12
+1 12
+1 24
+4 12
+1 12
+3 12
+1 12
+1 12
+3 12
+1 12
+1 12
+6 12
+1 12
+1 12
+1 12
+1 12
+1 12
+72 6
+1 6
+1 6
+1 6
+1 6
+2 6
+1 6
+1 6
+1 6
+1 6
+1 6
+1 6
+1 2
+4 2
+1 2
+1 2
+6 2
+1 2
+1 4
+4 2
+1 2
+3 2
+1 2
+1 2
+3 2
+1 2
+1 2
+6 2
+1 2
+1 2
+1 2
+1 2
+1 2
+72 2
+1 2
+1 2
+1 2
+1 2
+2 2
+1 2
+1 2
+1 2
+1 2
+1 2
+1 2
2200 85
+2 85
+1 85
+1 85
+1 85
-3 16
+1 16
+1 16
+1 16
+1 51
+5 17
+6 17
+1 17
+8 17
+1 17
-16 189
+6 189
+1 189
+8 189
+1 189

fl=(54) /build/glibc-kAz5Pl/glibc-2.27/elf/dl-reloc.c
fn=(286) _dl_protect_relro
313 16
+3 4
-3 8
+3 8
+4 8
-8 4
+9 20
cfi=(51)
cfn=(166)
calls=4 78 
* 20
* 8
+6 8

fn=(186) _dl_relocate_object
148 40
+15 4
-15 8
+15 4
+1 20
+6 12
+6 16
+1 8
-19 8
+22 8
+7 4
-32 4
+32 4
+44 4
fi=(5)
76 4
fe=(54)
231 8
fi=(5)
76 12
fe=(54)
258 129
-99 12
fi=(5)
481 3
fi=(4) /build/glibc-kAz5Pl/glibc-2.27/elf/do-rel.h
47 3
+11 3
-12 3
+2 3
-1 3
+11 3
fe=(54)
159 4
fi=(5)
481 1
fi=(4)
47 1
+11 1
-12 1
+2 1
-1 1
+11 1
-11 4
+11 4
-12 4
+2 4
-1 4
+11 4
+26 5
+2 5
-3 5
+3 10
-3 5
+3 5
+12 15
+10 6
+10 15
+6 4
-3 8
+3 4
-73 3
-1 3
fi=(5)
491 6
fi=(4)
127 416
+12 208
-3 312
fi=(5)
276 104
fi=(4)
138 104
+1 104
-2 104
-1 104
+1 312
fi=(5)
276 104
+21 208
+4 208
+7 416
fi=(55) /build/glibc-kAz5Pl/glibc-2.27/elf/../sysdeps/generic/ldsodefs.h
102 261
fi=(5)
308 1699
fi=(4)
138 84
fi=(5)
308 168
fi=(4)
138 84
fi=(5)
308 84
fi=(4)
138 84
fi=(5)
308 1176
cfi=(6)
cfn=(194)
calls=84 790 
* 49558
* 504
+2 261
+25 624
fe=(54)
-74 16
+24 4
+3 8
+17 8
+1 8
cfn=(286)
calls=4 +7 
* 104
+1 32
fi=(5)
131 9
458 348
fi=(4)
124 312
+19 12
+1 16
fe=(54)
258 32
fi=(5)
430 51
+4 68
+5 17
+9 17
-9 34
+9 34
308 34
+5 17
-3 34
+3 133
-3 164
+3 246
-5 21
fi=(4)
61 9
-10 3
-1 6
fi=(5)
551 32
+4 32
+2 48
+1 16
fi=(4)
61 162
+2 220
+2 118
-4 3
+13 6
+1 5
+1 78
fi=(5)
551 39
+25 39
-1 78
-24 39
+25 78
+1 39
cob=(3)
cfi=(77) /build/glibc-kAz5Pl/glibc-2.27/time/../sysdeps/unix/sysv/linux/x86/gettimeofday.c
cfn=(282) gettimeofday
calls=1 42 
* 77
cob=(3)
cfi=(58) /build/glibc-kAz5Pl/glibc-2.27/string/../sysdeps/x86_64/multiarch/ifunc-strcasecmp.h
cfn=(278) strncasecmp_l
calls=1 32 
* 6
cob=(3)
cfi=(60) /build/glibc-kAz5Pl/glibc-2.27/string/../sysdeps/x86_64/multiarch/ifunc-avx2.h
cfn=(276) strchrnul
calls=1 32 
* 8
cob=(3)
cfi=(57) /build/glibc-kAz5Pl/glibc-2.27/string/../sysdeps/x86_64/multiarch/ifunc-unaligned-ssse3.h
cfn=(274) stpcpy
calls=1 33 
* 9
cob=(3)
cfi=(57)
cfn=(272) stpncpy
calls=1 33 
* 9
cob=(3)
cfi=(70) /build/glibc-kAz5Pl/glibc-2.27/string/../sysdeps/x86_64/multiarch/ifunc-sse4_2.h
cfn=(270) strspn
calls=1 30 
* 6
cob=(3)
cfi=(64) /build/glibc-kAz5Pl/glibc-2.27/wcsmbs/../sysdeps/x86_64/multiarch/ifunc-avx2.h
cfn=(268) wcslen
calls=1 32 
* 8
cob=(3)
cfi=(60)
cfn=(266) memchr
calls=1 32 
* 8
cob=(3)
cfi=(58)
cfn=(262) strcasecmp_l
calls=1 32 
* 6
cob=(3)
cfi=(60)
cfn=(260) memrchr
calls=1 32 
* 8
cob=(3)
cfi=(60)
cfn=(258) strlen
calls=1 32 
* 8
cob=(3)
cfi=(74) /build/glibc-kAz5Pl/glibc-2.27/string/../sysdeps/x86_64/multiarch/strchr.c
cfn=(256) index
calls=1 40 
* 8
cob=(3)
cfi=(70)
cfn=(254) strpbrk
calls=1 30 
* 6
cob=(3)
cfi=(73) /build/glibc-kAz5Pl/glibc-2.27/wcsmbs/../sysdeps/x86_64/multiarch/ifunc-wmemset.h
cfn=(252) wmemset
calls=2 32 
* 26
cob=(3)
cfi=(72) /build/glibc-kAz5Pl/glibc-2.27/wcsmbs/../sysdeps/x86_64/multiarch/wcsnlen.c
cfn=(250) wcsnlen
calls=1 40 
* 7
cob=(3)
cfi=(56) /build/glibc-kAz5Pl/glibc-2.27/string/../sysdeps/x86_64/multiarch/ifunc-memmove.h
cfn=(248) memcpy@@GLIBC_2.14
calls=1 44 
* 16
cob=(3)
cfi=(57)
cfn=(246) strcpy
calls=1 33 
* 9
cob=(3)
cfi=(58)
cfn=(242) strncasecmp
calls=1 32 
* 6
cob=(3)
cfi=(70)
cfn=(240) strcspn
calls=1 30 
* 6
cob=(3)
cfi=(60)
cfn=(238) strnlen
calls=2 32 
* 16
cob=(3)
cfi=(64)
cfn=(236) wcschr
calls=2 32 
* 16
cob=(3)
cfi=(69) /build/glibc-kAz5Pl/glibc-2.27/string/../sysdeps/x86_64/multiarch/ifunc-memset.h
cfn=(234) memset
calls=1 42 
* 18
cob=(3)
cfi=(68) /build/glibc-kAz5Pl/glibc-2.27/string/../sysdeps/x86_64/multiarch/strcmp.c
cfn=(232) strcmp
calls=1 38 
* 9
cob=(3)
cfi=(67) /build/glibc-kAz5Pl/glibc-2.27/string/../sysdeps/x86_64/multiarch/strncmp.c
cfn=(230) strncmp
calls=1 38 
* 8
cob=(3)
cfi=(65) /build/glibc-kAz5Pl/glibc-2.27/string/../sysdeps/x86_64/multiarch/ifunc-memcmp.h
cfn=(226) bcmp
calls=1 33 
* 13
cob=(3)
cfi=(56)
cfn=(224) mempcpy
calls=1 44 
* 16
cob=(3)
cfi=(64)
cfn=(222) wmemchr
calls=2 32 
* 16
cob=(3)
cfi=(60)
cfn=(220) rawmemchr
calls=1 32 
* 8
cob=(3)
cfi=(61) /build/glibc-kAz5Pl/glibc-2.27/time/../sysdeps/unix/sysv/linux/x86/time.c
cfn=(214) time
calls=1 43 
* 77
cob=(3)
cfi=(60)
cfn=(212) rindex
calls=1 32 
* 8
cob=(3)
cfi=(57)
cfn=(210) strcat
calls=1 33 
* 9
cob=(3)
cfi=(58)
cfn=(206) strcasecmp
calls=1 32 
* 6
cob=(3)
cfi=(57)
cfn=(204) strncpy
calls=1 33 
* 9
cob=(3)
cfi=(56)
cfn=(202) memmove
calls=2 44 
* 32
fi=(4)
75 39
fi=(5)
578 39
fi=(4)
75 80
+36 6
fi=(5)
541 1243
fi=(4)
111 1243
fi=(5)
541 1243
fi=(4)
111 1243
fi=(5)
541 1243
fi=(4)
111 1243
fi=(5)
535 1243
fi=(4)
112 2486
fi=(5)
535 2486
+5 2486
fi=(4)
50 1
160 1
51 1
160 4
+2 20
+9 10
-1 5
+1 5
-1 10
fi=(5)
276 5
fi=(4)
170 15
fi=(5)
276 5
+21 10
+4 10
+7 20
fi=(55)
102 15
fi=(5)
308 165
cfi=(6)
cfn=(194)
calls=5 790 
* 2563
* 30
+2 15
+25 30
fe=(54)
-77 5
fi=(5)
82 6
+4 9
+14 3
-8 3
+8 6
+20 6
+4 12
-2 6
458 20
fi=(4)
160 17
+14 2
fi=(5)
313 1
-3 2
+3 3
-5 60
fe=(54)

fl=(48)
fn=(154)
34 8
-1 8
+1 8
+1 48
+4 1
-4 28

fl=(1) ???
fn=(0) 0x0000000000001090
0 2
cfi=(2)
cfn=(2) _dl_start
calls=1 444 
0 123330
0 14
cfi=(78)
cfn=(300)
calls=1 79 
0 2183
0 3
cob=(5)
cfi=(88)
cfn=(338) _start
calls=1 0 
0 629792

fl=(6)
fn=(10)
939 12
+4 4
+4 8
+2 4
-1 4
+3 12
+1 4
+1 4
+3 4
-3 4
+7 4
-4 4
-1 4
+3 4
+2 4
-7 4
+7 4
+1 4

fn=(194)
790 950
555 95
790 380
555 285
-1 190
+2 95
-1 95
+1 285
-1 285
+1 1242
-1 1242
+1 3726
-1 3821
792 95
+4 95
+4 95
-8 95
+1 190
+7 360
+5 285
+6 285
-7 1045
+15 36
-8 54
+2 1235
cfn=(196) do_lookup_x
calls=95 338 
* 37073
+3 457
+25 190
+24 602
+31 86
+9 344
+14 258
+3 344
+5 86
+2 873
-86 54
+17 9
+1 18
+59 2

fn=(198) check_match
75 688
+3 602
+12 516
+3 407
cfi=(21)
cfn=(56)
calls=21 +51 
* 1105
* 42
+5 86
-1 86
+1 86
+2 170
+19 170
+1 680
+46 86
-15 86
+15 430
-18 2
+2 2
+1 1
-1 2
+1 3
-1 2
-29 255
cfi=(21)
cfn=(56)
calls=85 +23 
* 3902
* 255

fn=(196)
338 665
+1 95
-1 570
+6 95
+42 95
+35 95
-76 95
+41 95
+35 190
-35 95
+35 190
-51 903
+8 301
-4 301
+1 301
+3 602
+1 903
+3 301
+1 602
+4 602
+3 602
-5 301
+5 903
+3 2107
-99 215
540 1492
+1 60
cfi=(35)
cfn=(118)
calls=30 282 
* 2250
* 90
+3 645
349 602
+3 602
+4 1204
+4 602
+4 602
+88 172
fi=(55)
102 258
fe=(6)
503 172
+3 648
+41 9
+1 72
397 261
-1 174
+2 174
+2 87
+6 696
-6 87
+6 348
+7 267
-10 875
+2 172
+1 516
-1 86
+1 86
+1 86
-2 86
+1 86
+1 86
-1 516
cfn=(198)
calls=86 75 
* 9664
+4 258
510 30
+12 172
+1 86
+25 172
-24 86
+24 516
444 2
180 694

fl=(19)
fn=(42)
92 8
+8 8
-1 16
-3 8
+4 16
+3 8
cfn=(46)
calls=8 -53 
* 210
* 8

fn=(78)
265 6
+2 2
+1 4
+4 47
+7 112
-2 56
+13 1
+4 2
-7 14
-15 44

fn=(46)
50 87
+11 42
+3 21
-3 21
+3 42
-3 2
+3 1
-3 1
+3 86
-15 3
+20 4
+1 2
+2 1
+1 8
cfi=(41)
cfn=(134)
calls=1 -29 
* 35
+2 2
+2 3
+2 1
+3 1
-3 2
+4 1
+2 5
-2 21
-1 21
+3 42
-29 1
-1 1
+1 1
+1 2
-2 2

fn=(88) free
111 4

fl=(9)
fn=(16) __GI___tunables_init
289 8
-9 3
68 188
+6 61
-3 61
+3 5513
+4 122
+5 61
297 61
83 61
297 61
fi=(10) /build/glibc-kAz5Pl/glibc-2.27/elf/dl-tunables.h
121 61
-1 183
+1 69
-1 8
+1 16
-1 8
+1 32
-1 40
fe=(9)
330 244
-12 6710
fi=(10)
120 2196
+1 2334
-1 180
fe=(9)
312 5429
68 122
364 8

fn=(26)
373 102
+4 17
-4 66
+9 3
+1 3
-6 14
+22 85
+2 17

fl=(46) /build/glibc-kAz5Pl/glibc-2.27/io/../sysdeps/unix/sysv/linux/access.c
fn=(146) access
27 7
+4 1

fl=(13)
fn=(28)
79 14
+1 14
+1 14
+1 14
+1 14
+1 14
+1 14
+2 14
+2 14
+31 14
+1 14
+1 14
+1 14
+1 14
+1 8
+2 8
+4 6
+1 6
+1 6
+1 6
+1 6
+1 6
+1 6
+1 6
+1 6
+1 6
+1 6
+1 6
+5 48

fl=(2)
fn=(102) do_preload
750 4
+12 1
-12 2
+10 1
-4 1
+1 1
+5 4
-10 1
+6 1
+4 1
cfi=(33)
cfn=(106)
calls=1 213 
* 2462
* 1
+1 3
+8 3
+6 5

fn=(100) dso_name_valid_for_suid
120 4
+1 3
+8 2
+1 5

fn=(2)
444 9
+19 4
fi=(3)
48 1
fe=(2)
463 1
fi=(5)
59 3
fi=(3)
-11 1
fe=(2)
489 1
-3 1
fi=(3)
48 1
+25 2
-3 1
-7 1
+5 1
+3 1
+2 1
-6 1
+3 1
-3 2
-3 16
+10 4
-26 12
+16 13
+10 13
-26 39
+26 1
-26 3
+2 36
+13 20
+2 4
+16 2
+20 4
+1 4
+1 4
+1 4
+2 4
+5 4
+1 4
+1 4
+6 3
+5 2
+7 3
+1 3
+8 3
+3 3
+4 2
+1 2
fe=(2)
500 2
393 1
507 1
393 1
cfi=(6)
cfn=(10)
calls=1 939 
* 23
+1 2
+1 2
+1 2
+1 2
+8 1
+9 1
-9 3
+9 1
-6 1
-3 1
+9 1
cfi=(7) /build/glibc-kAz5Pl/glibc-2.27/elf/../elf/dl-sysdep.c
cfn=(12) _dl_sysdep_start
calls=1 88 
* 122298
* 1
+9 4
+3 1
+4 1
-4 1
+4 1
532 9
-27 27
fi=(4)
84 1
+27 1
-28 1
+28 2
+1 2
fi=(5)
540 2
fi=(4)
112 76
fi=(5)
540 76
+1 39
fi=(4)
111 39
fi=(5)
541 39
fi=(4)
111 39
fi=(5)
541 39
fi=(4)
111 39
+5 2
+8 1
fi=(5)
335 1
+87 1
fi=(4)
124 2
+12 1
+3 1
-3 1
+3 1
-3 1
fi=(5)
301 1
fi=(4)
137 1
fi=(5)
301 1
fi=(4)
137 1
fi=(5)
301 1
fi=(4)
136 8
+3 8
-3 8
+3 8
-3 8
fi=(5)
301 8
fi=(4)
137 8
fi=(5)
301 8
fi=(4)
137 8
fi=(5)
301 8
+9 27
+3 9
-3 18
+3 27
+22 54
fi=(3)
68 4
fi=(4)
+56 28
fi=(5)
354 27
fi=(3)
71 4
+1 1
+1 2
fe=(2)

fn=(32) dl_main
870 1
+17 1
-17 10
+17 1
+4 1
2471 1
870 1
+21 1
+1 1
2466 1
892 1
+5 1
2471 1
897 1
2464 2
+7 3
-4 1
+4 3
+2 2
cfi=(15)
cfn=(34)
calls=1 29 
* 52
* 4
cfi=(15)
cfn=(34)
calls=2 29 
* 352
* 9
+4 6
-2 2
+2 42
+1 19
-1 57
+3 4
+6 14
+76 3
+1 4
cfi=(16)
cfn=(36)
calls=1 24 
* 31
* 2
-56 2
+7 4
cfi=(16)
cfn=(36)
calls=1 24 
* 36
* 2
+2 3
2635 3
+32 3
907 3
1108 7
cfi=(17)
cfn=(38)
calls=1 59 
* 230
+2 1
-2 1
+2 1
+1 1
+1 1
+5 2
-5 1
+1 2
+4 1
cfi=(17)
cfn=(50)
calls=1 31 
* 33
+1 2
879 1
1147 1
-3 1
-5 1
+1 1
+2 1
+5 5
+56 2
876 1
1166 1
+22 1
+15 2
-55 24
-1 27
+1 47
1250 3
+3 2
+2 2
+2 2
+13 3
+3 2
-2 1
+2 1
-2 4
cfi=(21)
cfn=(56)
calls=1 144 
* 50
* 2
+10 1
-3 1
-2 1
+3 1
+2 2
+1 2
+4 2
+2 2
fi=(3)
33 1
+9 2
+6 1
-2 1
+2 2
+15 1
+5 1
+3 1
+2 1
-3 1
-3 1
-3 1
-14 50
+13 24
+1 20
+10 5
-26 15
+16 19
+10 19
-26 57
+26 1
-26 3
+33 3
+20 3
+1 4
+1 4
+1 4
+2 4
+5 4
+1 4
+1 4
+6 3
+5 2
+7 2
+1 3
+18 3
+14 3
+10 1
-8 3
+8 1
+5 2
+3 2
fe=(2)
1293 2
cfi=(6)
cfn=(10)
calls=1 939 
* 23
+3 2
fi=(22) /build/glibc-kAz5Pl/glibc-2.27/elf/setup-vdso.h
24 2
fe=(2)
1318 1
cfi=(11) /build/glibc-kAz5Pl/glibc-2.27/elf/../sysdeps/unix/sysv/linux/dl-sysdep.c
cfn=(62) _dl_discover_osversion
calls=1 45 
* 79
* 9
fi=(3)
65 4
+3 4
fe=(2)
1312 5
1152 3
+1 1
+90 2
+1 2
+1 1
-6 2
+1 1
-73 2
+9 1
-7 1
-3 1
+10 1
+18 2
-37 3
+1 1
+45 2
-1 2
+1 4
-1 2
+2 4
+1 1
+3 2
+1 2
-1 2
+1 2
+1 2
+1 6
+1 2
fi=(3)
71 4
+1 1
+1 3
fe=(2)
1323 2
cfi=(24)
cfn=(66)
calls=1 623 
* 1831
+3 3
cfi=(30)
cfn=(90)
calls=1 49 
* 17
+7 1
-7 1
+2 1
+5 1
+3 3
+1 1
+3 1
-3 3
+1 2
+3 1
+5 1
-7 1
+7 1
+1 5
+17 2
+1 2
+5 1
-3 3
+2 1
+1 2
+5 2
+1 5
-1 2
+3 2
+1 2
+5 2
+6 4
+1 1
-2 1
885 1
1391 1
1570 1
cfi=(31)
cfn=(92)
calls=1 113 
* 4
* 1
+8 3
+3 2
+4 3
+5 2
+1 1
cfi=(30)
cfn=(94)
calls=1 74 
* 1
+5 2
+15 3
+4 1
-2 1
+2 2
+2 3
+1 1
-1 2
+1 1
cfn=(96) handle_ld_preload
calls=1 837 
* 2788
* 1
+1 4
+2 2
+10 3
cfi=(46)
cfn=(146)
calls=1 27 
* 8
* 2
+77 1
-96 1
+96 3
+17 3
+1 1
-1 1
+1 2
-1 1
+1 5
cfi=(47)
cfn=(148) _dl_map_object_deps
calls=1 159 
* 7008
+1 4
+5 1
-3 2
+3 2
+1 7
-1 2
+1 9
-1 6
+4 3
+1 3
+1 1
+2 2
+1 5
-1 4
+1 6
-1 6
+47 2
+2 2
-1 1
-1 2
+2 4
cfi=(33)
cfn=(170)
calls=1 226 
* 2666
+10 1
+1 1
-1 1
+1 1
+1 1
cfn=(178) init_tls
calls=1 687 
* 556
* 1
+2 2
799 1
fi=(141) /build/glibc-kAz5Pl/glibc-2.27/elf/../sysdeps/unix/sysv/linux/dl-osinfo.h
64 2
fe=(2)
801 1
fi=(141)
77 1
fe=(2)
810 1
+7 1
-5 1
1808 2
2038 3
2161 3
+7 1
+2 3
+1 1
-1 2
+2 10
+2 4
-2 8
+2 4
+5 8
+2 8
+6 4
+2 8
+1 24
cfi=(54)
cfn=(186)
calls=3 148 
* 74029
+4 10
+1 2
cfi=(31)
cfn=(288)
calls=1 887 
* 20
* 1
-12 1
+1 1
-3 2
+29 4
+2 1
+7 3
cfi=(31)
cfn=(290)
calls=1 437 
* 145
+3 2
-25 4
+2 2
+6 1
-6 1
+6 1
+26 3
+2 4
+15 1
+2 1
-2 2
+3 1
-3 1
+3 1
-3 1
+3 3
cfi=(54)
cfn=(186)
calls=1 148 
* 6477
+1 4
+2 2
+8 1
cfi=(7)
cfn=(292) _dl_sysdep_start_cleanup
calls=1 260 
* 1
+4 2
+20 3
cfi=(30)
cfn=(90)
calls=1 49 
* 8
+1 1
+1 1
cfi=(30)
cfn=(94)
calls=1 74 
* 1
+5 1
cfi=(49)
cfn=(294)
calls=1 326 
* 15
+5 8
2094 1
+13 1
-9 1
-4 1
+10 1
-6 1
+6 1
+3 1
1753 1
+1 1
-1 2
+1 1
+2 1
+2 3
+2 1
-4 1
+4 2
+14 4
+1 2
+1 3
-64 5
+1 1
-1 3
+4 3
+1 1
+1 2
+1 2
+32 2
2565 3

fn=(52)
784 5
+1 5

fn=(172)
621 2
+2 4
cfi=(53)
cfn=(174)
calls=1 362 
* 2641
* 2
+4 2

fn=(178)
687 1
-6 1
+2 2
+4 1
+10 4
cfi=(19)
cfn=(42)
calls=1 92 
* 27
* 1
+11 1
-15 1
+3 1
+6 1
+2 1
-11 1
+15 1
+2 1
-1 1
+1 15
+2 8
+4 1
+2 1
-2 1
-5 8
+9 2
+3 1
cfi=(31)
cfn=(180)
calls=1 141 
* 66
+7 1
cfi=(31)
cfn=(182)
calls=1 332 
* 389
+1 1
-1 1
+1 1
+6 1
+3 1
-3 1
+3 6
+3 1
+2 1
+1 3

fn=(114)
588 1
+2 1
-2 1
+3 2
-1 3
+1 3
cfi=(24)
cfn=(116)
calls=1 2080 
* 2375
* 1
+2 2

fn=(54)
790 5
+1 5

fn=(96)
837 5
+1 1
-1 4
+5 2
+3 3
cfi=(32)
cfn=(98)
calls=1 30 
* 218
* 1
+1 3
+9 1
+4 1
-2 2
+2 1
cfn=(100)
calls=1 120 
* 14
* 2
+1 4
cfn=(102)
calls=1 750 
* 2491
* 1
-18 2
+21 8
-15 4
cfi=(20)
cfn=(48)
calls=1 129 
* 18
+1 2

fl=(14) /build/glibc-kAz5Pl/glibc-2.27/elf/../misc/sbrk.c
fn=(30) sbrk
32 4
+8 6
+4 2
+16 5

fl=(11)
fn=(62)
45 4
+2 3
+85 5
-45 3
cfi=(23)
cfn=(64)
calls=1 -9 
* 5
* 1
+15 1
-15 1
+20 1
-1 1
+3 12
+4 3
-2 6
+2 9
+7 3
-1 3
+4 3
-2 3
+2 10
+5 2

fl=(28)
fn=(82)
24 6
+1 6
+1 6
+1 6
+1 6
+1 6
+1 6
+1 6
+1 6
+1 6
+1 6
+1 6
+1 6
+1 6
+1 6
+1 6
+1 6
+1 4
+4 4
+1 4
+1 4
+1 4
+2 4
+4 2
+1 2
+1 2
+1 2
+1 2
+1 2
+1 2
+1 2
+1 2
+1 2
+1 2
+1 2
+1 2
+1 2
+1 2
+1 2
+1 2
+1 2
+1 2
+1 2
+1 2
+1 2
+1 2
+1 2
+52 2
+4 2
+1 2
+1 2
+1 2
+2 2

fl=(7)
fn=(12)
88 8
+25 1
-1 1
+1 193
+6 1
-3 1
+1 1
-4 1
+3 1
+3 4
+1 2
-1 12
-29 1
-1 10
+30 2
+1 105
+3 1
-4 70
+62 1
-62 1
+63 1
-1 1
-62 3
+34 1
-34 2
+35 1
-35 2
+46 1
-46 1
+47 1
-1 1
-46 3
+40 1
-40 1
+41 1
-1 1
-40 3
+37 1
-37 2
+38 1
-38 3
+13 1
-13 2
+14 1
-14 2
+10 1
-10 2
+11 1
-11 2
+7 1
-7 4
224 1
cfi=(9)
cfn=(16)
calls=1 +65 
* 23840
fi=(11)
35 2
cfi=(12)
cfn=(22)
calls=1 -4 
* 11
fi=(8)
196 1
-12 1
+1 1
+11 1
+3 1
-3 1
+3 5
366 3
+1 1
+3 2
+1 1
+6 1
+5 2
-3 1
+3 1
-4 1
+4 1
cfi=(9)
cfn=(26)
calls=1 -9 
* 16
+2 4
cfi=(9)
cfn=(26)
calls=1 -11 
* 18
* 1
+2 3
-2 1
+2 1
cfi=(9)
cfn=(26)
calls=1 -13 
* 18
* 1
+2 3
-2 1
+2 1
cfi=(9)
cfn=(26)
calls=1 -15 
* 18
+12 1
-12 1
+11 1
-11 1
+12 1
fe=(7)
236 1
cfi=(13)
cfn=(28)
calls=1 79 
* 16
* 1
+2 2
cfi=(14)
cfn=(30)
calls=1 32 
* 17
* 3
+12 3
+3 5
cfi=(2)
cfn=(32)
calls=1 870 
* 97664
+1 1
+1 8
fi=(8)
404 3
+28 2
-9 3
+2 4
+3 4
+1 2
205 6
cfn=(24)
calls=1 34 
* 85
+3 3
+95 2
+2 1
+7 4
203 1
312 4
210 5
+1 7
+85 3
-79 2
fe=(7)

fn=(292)
260 1

fl=(47)
fn=(148)
159 1
-1 1
+1 1
-1 4
+1 1
-1 2
+1 1
-1 2
+1 1
-1 2
+1 1
-8 1
+8 2
-14 1
+6 3
+24 1
-16 1
-16 1
+1 1
+1 1
+6 1
+24 2
-28 2
-2 1
+31 1
-33 3
+2 2
-1 1
+1 2
+6 3
+24 1
-24 1
+24 6
+4 1
+21 1
-14 1
-1 3
-6 1
+19 1
+2 1
-2 1
+11 2
+4 4
-4 6
+4 12
+12 12
+2 4
+6 2
-6 2
+6 2
+1 4
+1 2
-3 2
+3 2
+3 10
-32 2
+32 2
+66 6
-59 10
cfi=(28)
cfn=(82)
calls=2 24 
* 70
* 4
+4 6
-2 2
+2 2
cfi=(33)
cfn=(110)
calls=2 -74 
* 5646
* 2
+1 4
+9 2
+2 4
+5 2
+6 2
+2 2
-8 4
+3 2
+1 2
+1 2
+1 2
+4 10
+4 4
+1 3
-43 200
+1 100
+44 144
434 4
+2 6
+3 4
-1 2
cfi=(19)
cfn=(46)
calls=2 50 
* 36
* 2
+2 2
-2 2
+2 2
+3 2
+1 8
-1 2
+1 2
cfi=(20)
cfn=(48)
calls=2 129 
* 20
+1 10
cfi=(20)
cfn=(48)
calls=2 129 
* 20
+4 2
-1 2
+5 28
+7 6
+4 5
+11 2
-1 1
cfi=(19)
cfn=(46)
calls=1 50 
* 18
* 1
+3 1
-3 1
+3 1
+5 1
+3 2
-3 3
+1 2
+4 12
+4 16
+4 4
-10 12
+13 2
+51 3
+2 1
-1 1
+1 3
+35 6
cfi=(20)
cfn=(48)
calls=1 129 
* 10
+4 5
cfi=(52)
cfn=(168)
calls=1 28 
* 231
+3 1
+2 1
+1 1
-1 1
+2 3
+7 3
+3 3
+3 8
225 8
-19 2
434 5
+27 2
214 25
+2 2
+2 8
+2 26
456 9
-1 4
+1 10
199 2
573 6

fn=(150)
60 4
+7 2
-4 6
+1 2
-1 2
+1 2
-1 10
cfi=(24)
cfn=(116)
calls=2 2080 
* 5512
* 2
+5 4

ob=(5)
fl=(88)
fn=(554) 0x0000000000000850
0 9

fn=(482) karatsuba.constprop.4
0 867
cfn=(480) grade_school_mul_optim
calls=3 0 
0 97803
0 18
cfn=(480)
calls=3 0 
0 97803
0 771
cfn=(480)
calls=3 0 
0 97803
0 1260

fn=(338)
0 11
cob=(3)
cfi=(89) /build/glibc-kAz5Pl/glibc-2.27/csu/../csu/libc-start.c
cfn=(340) (below main)
calls=1 137 
0 629781

fn=(348) __libc_csu_init
0 15
cob=(2)
cfi=(18)
cfn=(350) 0x00000000001086d8
calls=1 0 
0 6
0 8
cfn=(354) 0x0000000000000920
calls=1 0 
0 17
0 11

fn=(368) main
0 13
cob=(1)
cfi=(94)
cfn=(376)
calls=1 71 
0 912
0 5
0 767
cob=(3)
cfi=(96) /build/glibc-kAz5Pl/glibc-2.27/stdlib/rand.c
cfn=(382) rand
calls=767 26 
0 40604
0 767
0 8448
cob=(3)
cfi=(96)
cfn=(382)
calls=768 26 
0 40653
0 768
0 9218
cfn=(388) test
calls=1 0 
0 526220
0 7

fn=(540)
0 8
cob=(2)
cfi=(18)
cfn=(546) 0x0000000000108780
calls=1 0 
0 75
0 1
cfn=(554)
calls=1 0 
0 9
0 3

fn=(354)
0 17

fn=(476) karatsuba_768
0 26
cfn=(478) grade_school_mul_half_optim
calls=1 0 
0 21450
0 5
cfn=(478)
calls=1 0 
0 21450
0 94
cfn=(480)
calls=1 0 
0 32601
0 169
cfn=(478)
calls=1 0 
0 21450
0 5
cfn=(478)
calls=1 0 
0 21450
0 89
cfn=(480)
calls=1 0 
0 32601
0 869
cfn=(482)
calls=1 0 
0 98775
0 5
cfn=(482)
calls=1 0 
0 98775
0 737
cfn=(482)
calls=1 0 
0 98775
0 2384

fn=(478)
0 85800

fn=(388)
0 3
cob=(1)
cfi=(94)
cfn=(376)
calls=1 71 
0 65208
0 5
0 1
cob=(1)
cfi=(94)
cfn=(376)
calls=1 71 
0 881
0 5
0 7
cfn=(476)
calls=1 0 
0 451710
0 1
cob=(3)
cfi=(115) /build/glibc-kAz5Pl/glibc-2.27/time/../sysdeps/unix/sysv/linux/clock.c
cfn=(470) clock
calls=1 25 
0 45
0 1
0 9
cob=(1)
cfi=(94)
cfn=(376)
calls=1 71 
0 3525
0 5
0 3848
cob=(3)
cfi=(118) /build/glibc-kAz5Pl/glibc-2.27/stdio-common/printf.c
cfn=(488) printf
calls=1 28 
0 965
0 1

fn=(480)
0 358611

ob=(3)
fl=(64)
fn=(222)
32 2
-2 2
+2 4
-2 6
fi=(142) /build/glibc-kAz5Pl/glibc-2.27/wcsmbs/../sysdeps/x86_64/multiarch/wmemchr.c
+1 2
fe=(64)

fn=(236)
32 2
-2 2
+2 4
-2 6
fi=(143) /build/glibc-kAz5Pl/glibc-2.27/wcsmbs/../sysdeps/x86_64/multiarch/wcschr.c
+1 2
fe=(64)

fn=(268)
32 1
-2 1
+2 2
-2 3
fi=(144) /build/glibc-kAz5Pl/glibc-2.27/wcsmbs/../sysdeps/x86_64/multiarch/wcslen.c
-1 1
fe=(64)

fl=(116) /build/glibc-kAz5Pl/glibc-2.27/rt/../sysdeps/unix/clock_gettime.c
fn=(472) clock_gettime
93 12
+22 10
cfi=(117) /build/glibc-kAz5Pl/glibc-2.27/misc/../sysdeps/unix/syscall-template.S
cfn=(474) __syscall_clock_gettime
calls=2 -56 
* 6
* 4
+19 8

fl=(112) /build/glibc-kAz5Pl/glibc-2.27/misc/../sysdeps/unix/sysv/linux/x86_64/brk.c
fn=(446) brk
31 16
+8 2
-6 4
+7 2

fl=(125) /build/glibc-kAz5Pl/glibc-2.27/stdlib/../sysdeps/x86_64/lshift.S
fn=(506) __mpn_lshift
29 1
+1 1
+2 1
+1 1
+1 1
+12 1
+1 1
+1 1
+1 1
+1 1
+1 1
+1 1
+6 1
+1 1
+1 1

fl=(91) /build/glibc-kAz5Pl/glibc-2.27/setjmp/../sysdeps/x86_64/bsd-_setjmp.S
fn=(362) _setjmp
30 1
+2 1
cfi=(92) /build/glibc-kAz5Pl/glibc-2.27/setjmp/../sysdeps/x86_64/setjmp.S
cfn=(364) __sigsetjmp
calls=1 -6 
* 26

fl=(84) /build/glibc-kAz5Pl/glibc-2.27/string/../sysdeps/x86_64/multiarch/strrchr-avx2.S
fn=(324) __strrchr_avx2
43 1
+1 1
+2 1
+1 1
+3 1
+1 1
+1 1
+33 1
+1 1
+1 1
+1 1
+1 1
+1 1
+1 1
+1 1
+1 1
+1 1
+3 1
+1 1
+9 1
+1 1
+99 1
+1 1
+8 1
+1 1
+1 1
+1 1
+1 1
+2 1
+1 1
+1 1
+1 1
+1 1

fl=(136) /build/glibc-kAz5Pl/glibc-2.27/stdlib/cxa_thread_atexit_impl.c
fn=(536) __call_tls_dtors
145 3
+1 4
+18 4

fl=(104) /build/glibc-kAz5Pl/glibc-2.27/io/../sysdeps/unix/sysv/linux/wordsize-64/fxstat.c
fn=(410) _fxstat
34 1
-1 1
+1 1
+1 6
+4 1

fl=(83) /build/glibc-kAz5Pl/glibc-2.27/misc/init-misc.c
fn=(320) __init_misc
31 2
-1 3
+1 4
+2 3
cfi=(84)
cfn=(324)
calls=1 +10 
* 33
* 1
+1 2
+3 3
+1 3
+2 4

fl=(85) /build/glibc-kAz5Pl/glibc-2.27/ctype/ctype-info.c
fn=(326) __ctype_init
31 5
+2 1
+2 1
-4 1
+4 1
-4 1
+2 3
+2 2
+1 1

fl=(73)
fn=(252)
32 4
-2 2
+2 4
-2 4
+5 2
-1 8
fi=(145) /build/glibc-kAz5Pl/glibc-2.27/wcsmbs/../sysdeps/x86_64/multiarch/wmemset.c
-3 2
fe=(73)

fl=(114) /build/glibc-kAz5Pl/glibc-2.27/io/../sysdeps/unix/sysv/linux/write.c
fn=(462) write
27 24
+1 3

fl=(98) /build/glibc-kAz5Pl/glibc-2.27/stdlib/random_r.c
fn=(386) random_r
357 6144
+5 1536
-2 1536
+2 3072
+9 1536
+1 1536
+1 1536
+3 3072
+3 3072
-3 1536
+2 1536
+2 1536
-2 1536
+2 1536
+11 49
+1 49
+2 98
-6 2974
-28 98
+32 49
+2 49
-3 98
-31 1438
+32 1438
+2 1438
-3 2876

fl=(93) /build/glibc-kAz5Pl/glibc-2.27/setjmp/sigjmp.c
fn=(366) __sigjmp_save
29 1
-1 2
+1 2
+5 3

fl=(135) /build/glibc-kAz5Pl/glibc-2.27/stdlib/exit.c
fn=(534) __run_exit_handlers
40 9
+5 1
-5 1
+5 2
+11 14
+3 2
+2 5
+16 2
+35 6
+2 2
-44 6
+2 1
+1 1
-1 1
+4 4
+1 6
+29 1
-3 1
+5 1
-2 2
+2 2
cob=(1)
cfi=(137)
cfn=(538)
calls=1 -78 
* 722
+1 1
+11 1
+1 1
-1 1
+1 1
+5 4
-73 1
+12 1
+1 4
+63 2
+1 11
cfi=(102) /build/glibc-kAz5Pl/glibc-2.27/libio/genops.c
cfn=(580) _IO_cleanup
calls=1 918 
* 343
* 3
+2 2
cfi=(140) /build/glibc-kAz5Pl/glibc-2.27/posix/../sysdeps/unix/sysv/linux/_exit.c
cfn=(594) _Exit
calls=1 27 
* 5
-86 1
cfi=(136)
cfn=(536)
calls=1 +99 
* 11
* 1

fn=(532) exit
139 1
-1 1
+1 3
cfn=(534)
calls=1 -99 
* 1186

fl=(56)
fn=(202)
44 10
+4 4
-1 4
+12 4
+2 10

fn=(248)
44 5
+4 2
-1 2
+12 2
+2 5

fn=(224)
44 5
+4 2
-1 2
+12 2
+2 5

fl=(138) /build/glibc-kAz5Pl/glibc-2.27/stdlib/cxa_finalize.c
fn=(548) __cxa_finalize
30 4
+3 2
-3 10
+3 2
-3 2
+3 10
+3 6
+4 14
-4 6
+58 10
+4 12
-4 6
+12 4
+1 4
cfi=(139) /build/glibc-kAz5Pl/glibc-2.27/nptl/unregister-atfork.c
cfn=(550) __unregister_atfork
calls=2 -79 
* 32
+2 8
+1 16

fl=(67)
fn=(230)
38 4
+1 3
+9 1

fl=(69)
fn=(234)
42 5
+4 2
-1 4
+12 2
+2 5

fl=(97) /build/glibc-kAz5Pl/glibc-2.27/stdlib/random.c
fn=(384) random
288 1536
+3 1536
-3 4608
+3 6144
+2 4608
cfi=(98)
cfn=(386)
calls=1536 +64 
* 41374
+2 6144
+3 3072
-1 1536
+1 4608

fl=(110) /build/glibc-kAz5Pl/glibc-2.27/malloc/morecore.c
fn=(442) __default_morecore
46 2
+1 2
cfi=(111) /build/glibc-kAz5Pl/glibc-2.27/misc/sbrk.c
cfn=(444) sbrk
calls=2 -15 
* 72
+2 6
+3 4

fl=(128) /build/glibc-kAz5Pl/glibc-2.27/stdlib/../sysdeps/x86_64/rshift.S
fn=(512) __mpn_rshift
29 1
+1 1
+1 1
+13 1
+1 1
+16 1
+1 1
+1 1
+1 1
+1 1
+1 1
+1 1
+5 1
+1 1
+1 1
+1 1
+1 1

fl=(61)
fn=(214)
43 2
fi=(62) /build/glibc-kAz5Pl/glibc-2.27/time/../sysdeps/generic/dl-hash.h
+1 1
+1 1
fe=(61)
-2 4
fi=(62)
+5 3
+14 4
-17 3
+3 9
+14 12
-17 9
+22 1
fe=(61)
-24 6
cfi=(63) /build/glibc-kAz5Pl/glibc-2.27/elf/../sysdeps/unix/sysv/linux/dl-vdso.c
cfn=(218) _dl_vdso_vsym
calls=1 -18 
* 17
* 5

fl=(89)
fn=(340)
137 8
+4 1
-4 2
+4 2
+98 1
-98 1
+98 1
+1 4
cfi=(90) /build/glibc-kAz5Pl/glibc-2.27/stdlib/cxa_atexit.c
cfn=(342) __cxa_atexit
calls=1 66 
* 68
+22 4
+3 2
+1 5
cob=(5)
cfi=(88)
cfn=(348)
calls=1 0 
* 57
+4 4
+15 2
+12 2
cfi=(91)
cfn=(362)
calls=1 30 
* 28
+1 2
+5 2
+1 2
+3 2
+3 6
cob=(5)
cfi=(88)
cfn=(368)
calls=1 0 
* 628382
+34 2
cfi=(135)
cfn=(532)
calls=1 139 
* 1191

fl=(134) /build/glibc-kAz5Pl/glibc-2.27/stdio-common/_itoa.c
fn=(530) _itoa_word
168 4
+2 2
+9 122
+9 2

fl=(121) /build/glibc-kAz5Pl/glibc-2.27/stdio-common/printf-parse.h
fn=(496) read_int
73 1
+6 1
+6 1
-12 3
+2 6
+18 1

fl=(115)
fn=(470)
25 2
+9 4
-9 6
+9 2
cfi=(116)
cfn=(472)
calls=2 +59 
* 40
* 6
+4 4
-1 2
+1 12
+1 12

fl=(119) /build/glibc-kAz5Pl/glibc-2.27/stdio-common/vfprintf.c
fn=(490) vfprintf
1244 28
+31 6
+8 6
+4 10
+11 8
+11 2
fi=(121)
108 4
fe=(119)
1309 6
fi=(121)
108 2
cfi=(120) /build/glibc-kAz5Pl/glibc-2.27/string/../sysdeps/x86_64/multiarch/strchr-avx2.S
cfn=(494) __strchrnul_avx2
calls=2 -63 
* 44
* 2
fe=(119)
1324 2
fi=(121)
108 2
fe=(119)
1320 2
+4 12
+1 26
+3 2
fi=(146) /build/glibc-kAz5Pl/glibc-2.27/stdio-common/../libio/libioP.h
870 6
+2 2
-2 2
+2 2
-2 2
+3 4
fe=(119)
1328 12
cfi=(101) /build/glibc-kAz5Pl/glibc-2.27/libio/fileops.c
cfn=(400) _IO_file_xsputn@@GLIBC_2.2.5
calls=2 1220 
* 110
* 4
1696 10
+1 6
+3 24
1283 4
+45 4
+4 6
+4 10
-57 2
+57 4
-23 2
-8 2
-59 4
1378 32
-3 2
-5 2
-5 2
+1 2
-2 2
-1 2
-1 2
-1 2
-1 2
+15 2
-16 2
-1 2
-1 2
+14 2
-4 2
+8 2
-1 2
1637 4
+59 12
-36 2
+2 4
+8 2
fi=(121)
108 2
fe=(119)
1670 2
fi=(121)
108 2
fe=(119)
1670 2
fi=(121)
108 2
cfi=(120)
cfn=(494)
calls=2 -63 
* 51
* 2
fe=(119)
1674 2
-4 2
+4 4
fi=(146)
872 6
+1 4
fe=(119)
1674 10
cfi=(101)
cfn=(400)
calls=2 1220 
* 468
* 22
+2 6
-34 10
cfi=(134)
cfn=(530)
calls=1 168 
* 130
* 37
fi=(146)
872 3
+1 2
fe=(119)
1642 5
cfi=(101)
cfn=(400)
calls=1 1220 
* 114
* 67
cfi=(122) /build/glibc-kAz5Pl/glibc-2.27/stdio-common/printf_fp.c
cfn=(498) __printf_fp
calls=1 1272 
* 1999
* 2
1529 3
+1 3
+26 1
+14 1
-14 3
+43 13
+43 8
1324 8
1642 14
+1 4
-1 16
-71 6
+71 10
-84 7
cfi=(121)
cfn=(496)
calls=1 73 
* 13
+4 1
-4 1
+4 6
+34 3

fl=(117)
fn=(474)
59 4
+1 2

fl=(101)
fn=(460) _IO_file_write@@GLIBC_2.2.5
1196 18
+2 18
+5 3
cfi=(114)
cfn=(462)
calls=3 27 
* 27
+1 6
+5 3
+1 3
-12 6
+5 15
+10 9
+3 27

fn=(592) _IO_file_sync@@GLIBC_2.2.5
807 4
+5 4
+2 1
+1 2
+15 2
+4 4

fn=(402) _IO_file_overflow@@GLIBC_2.2.5
747 81
+7 27
-8 162
+8 105
+35 52
+3 48
+3 72
+1 72
+1 120
+5 96
-45 2
+12 2
+9 4
+5 2
+3 1
-4 1
+3 2
-5 1
+1 1
+4 1
+1 4
+3 1
-2 1
+2 1
+2 3
-1 3
+12 9
-11 3
-1 3
cfn=(450) _IO_do_write@@GLIBC_2.2.5
calls=3 433 
* 226
+9 2
-1 1
+1 1
-1 1
cfn=(450)
calls=1 433 
* 111
* 2
-39 2
cfi=(102)
cfn=(404) _IO_doallocbuf
calls=1 362 
* 63304
+1 6

fn=(588) _IO_file_setbuf@@GLIBC_2.2.5
389 2
+1 1
cfi=(102)
cfn=(590) _IO_default_setbuf
calls=1 +89 
* 68
* 2
+4 2
-1 2
+2 3
+2 1
+1 2

fn=(400)
1220 24
+7 6
-7 18
+6 27
+7 25
+17 3
+4 4
+4 2
+2 6
-1 2
+1 2
-2 2
cfi=(133) /build/glibc-kAz5Pl/glibc-2.27/string/../sysdeps/x86_64/multiarch/memmove-vec-unaligned-erms.S
cfn=(526) __mempcpy_avx_unaligned_erms
calls=2 204 
* 30
* 2
-4 2
+4 2
+2 6
-1 2
+1 2
-2 2
cfi=(133)
cfn=(526)
calls=2 204 
* 34
* 2
* 4
+4 8
+18 4
+10 54
-40 1
+16 1
fi=(113) /build/glibc-kAz5Pl/glibc-2.27/libio/libioP.h
870 3
+2 2
+1 2
fe=(101)
1266 2
fi=(113)
870 6
+2 4
+1 4
fe=(101)
1266 9
cfn=(402)
calls=3 747 
* 63626
* 6
+6 6
+1 21
+2 6
+11 9
+1 4
cfi=(102)
cfn=(452) _IO_default_xsputn
calls=1 392 
* 708
* 3
-52 8
+1 8
+3 12
+2 53
-2 32
+4 2
+11 10

fn=(450)
433 9
+1 1
-3 6
+2 3
cfn=(456) new_do_write
calls=3 +7 
* 300
* 12
+1 6

fn=(408) _IO_file_stat
1169 1
+1 3
cfi=(104)
cfn=(410)
calls=1 34 
* 10

fn=(456)
440 48
+2 6
fi=(113)
873 6
fe=(101)
457 12
cfn=(460)
calls=3 1196 
* 135
+1 3
-1 3
+1 12
+6 3
-4 3
+4 3
-4 9
+1 6
+3 3
-2 3
+4 27
-17 12
+14 6

fl=(105) /build/glibc-kAz5Pl/glibc-2.27/malloc/malloc.c
fn=(436) tcache_init.part.5
2986 1
-9 1
+9 9
+1 3
cfn=(438) _int_malloc
calls=1 3521 
* 389
+1 1
-1 1
+1 1
+8 4
+7 2
+2 1
+1 2
-1 1
+1 78
+3 2

fn=(414) malloc
3028 3
+5 2
+1 2
+1 1
+46 3
-46 1
cfi=(106) /build/glibc-kAz5Pl/glibc-2.27/malloc/hooks.c
cfn=(416) malloc_hook_ini
calls=1 30 
* 63171

fn=(415) malloc'2
3028 3
+5 2
+1 2
+5 7
+3 1
-2 3
+2 3
+13 4
+2 3
cfn=(438)
calls=1 3521 
* 158
+1 1
-1 1
+1 6
-19 4
-56 5
cfn=(436)
calls=1 +3 
* 496
+62 3
+2 5
+1 3
+33 5

fn=(440) sysmalloc
2274 8
+20 1
+11 1
-11 1
+11 1
+1 4
fi=(107) /build/glibc-kAz5Pl/glibc-2.27/malloc/arena.c
535 1
fe=(105)
2321 2
fi=(107)
535 1
fe=(105)
2321 2
+66 1
+1 3
+10 1
-9 1
+9 3
+6 4
+3 3
2724 2
+1 1
+5 2
+3 2
+5 1
-3 1
+3 1
-2 1
+2 3
+1 1
-1 1
-1 1
+4 1
-3 2
+1 1
+2 1
+6 9
2460 3
+19 2
-11 1
+11 1
-11 1
+21 4
cfi=(110)
cfn=(442)
calls=1 46 
* 61
+4 1
-4 1
+4 2
+3 4
+1 2
+46 2
+2 2
+6 1
-6 1
+6 1
-82 1
+10 2
+8 1
-8 1
+8 1
+67 4
+34 2
+6 3
+22 2
+1 5
+2 1
-2 1
+2 1
+1 4
cfi=(110)
cfn=(442)
calls=1 46 
* 25
+12 3
+48 1
+1 1
-2 1
+1 2
+12 1
-12 1
+1 1
+11 1
2544 2
-3 3
+99 2
+1 4

fn=(438)
3521 12
+32 2
-32 2
+32 18
+4 12
+24 4
+58 5
+62 32
+1 3
+20 2
-1 4
+1 2
-1 2
+1 4
-2 5
+6 3
+66 1
-40 2
3879 1
3731 1
+1 1
+20 2
+40 2
-60 2
-12 1
+6 3
+66 1
-40 2
3879 1
3731 1
+1 1
+20 2
+40 2
-60 2
4131 18
3642 3
+2 1
-2 1
+2 2
3904 4
+2 4
+3 1
-3 1
+3 2
+68 4
+1 4
+3 2
-2 2
+2 2
-2 2
+1 4
+6 4
3703 20
-62 13
+79 2
3993 12
-3 15
4090 2
+3 2
-2 4
+2 5
+17 3
3893 4
1887 1
4103 1
1887 2
4125 3
cfn=(440)
calls=1 2274 
* 236
+1 1
-1 1
+1 1
1887 3
4098 1
-3 1
+3 1
-2 1
+2 3
+2 1
-2 2
-1 1
+1 2
+2 2

fn=(430) malloc_init_state
1809 4
+8 3
-3 2
+3 378
-3 252
+7 3
+5 1
+2 1
+1 1
-4 2

fl=(92)
fn=(364)
26 1
+9 1
+1 2
+1 1
+4 1
+1 1
+1 1
+1 1
+1 1
+2 2
+2 1
+1 1
+3 2
+2 1
+8 1
cfi=(93)
cfn=(366)
calls=1 -34 
* 8

fl=(86)
fn=(328)
488 7
+14 6
758 2
+2 1
+1 1
+2 1
-3 1
+5 1
-5 1
+4 3
+4 2
+3 2
+2 1
+1 1
+2 1
-3 1
+5 1
-5 1
+4 3
+9 1
+2 8
-2 1
+3 8
500 1
+4 1
-4 1
+4 1
cfn=(330) handle_intel.constprop.1
calls=1 259 
* 456
+2 1
-2 1
+2 1
cfn=(330)
calls=1 259 
* 500
+5 1
-5 1
+5 1
cfn=(330)
calls=1 259 
* 526
+8 1
-8 1
+8 1
+11 1
-20 1
+25 3
+4 2
+8 6
+3 2
+9 6
+14 2
+4 1
+3 1
+1 1
-4 1
+3 1
-3 1
+3 1
+6 8
-39 3
+3 9
+6 6
-6 3
+6 2
+3 20
+5 2
+4 1
+1 1
-1 3
691 4
+1 5
+4 2
+59 2
592 2
+8 1
+2 1
-2 6
+2 4
-2 1
+4 1
+23 2
-25 2
+2 6
+2 6
+3 2
+1 8
+2 4
+3 2
+5 1
+2 2
+1 1
-1 1
+2 1
-2 1
+1 2
+27 2
+1 1
+1 2
+2 1
-1 1
+1 1
-24 3
+4 2
+3 1
+2 4
+1 1
+5 2

fn=(332) intel_check_word.isra.0
132 12
+6 6
-10 18
+10 6
-10 6
+10 6
-10 6
+10 12
-10 6
+10 6
+2 6
-2 6
+2 18
250 12
140 24
+2 15
+2 30
+8 30
+51 24
+22 12
fi=(87) /build/glibc-kAz5Pl/glibc-2.27/string/../bits/stdlib-bsearch.h
28 12
-1 24
+8 66
-6 162
+2 162
+1 81
fe=(86)
+87 162
+3 81
fi=(87)
-85 30
fe=(86)
+97 3
255 36
-91 9
+3 9
-6 3
+3 6
+9 6
+1 6
+4 10
+1 10
+17 5
-32 15
+3 15
+4 16
+2 32
+2 14
+1 4
+5 3
+2 6
+2 3
+2 3
+1 3
-3 3
+2 3
-1 3
+1 3
-2 3
+3 3
-2 9
+2 9
-11 11

fn=(330)
259 21
+2 3
-2 9
+5 9
+8 3
+1 3
-3 3
+5 12
+6 6
+5 3
-5 9
+5 3
+2 3
+1 3
-1 3
+5 18
cfn=(332)
calls=3 132 
* 990
+2 6
+3 21
cfn=(332)
calls=3 132 
* 315
+2 6
+19 33

fl=(120)
fn=(494)
45 4
+2 4
+1 4
+1 4
+2 4
+1 4
+1 4
+21 4
+1 4
+1 4
+1 4
+1 4
+1 4
+1 4
+2 4
+1 4
+1 4
+2 3
+1 3
+2 3
+7 3
+1 3
+4 1
+5 1
+1 1
+1 1
+1 1
+1 1
+1 1
+1 1
+72 1
+2 1
+7 1
+1 1

fl=(102)
fn=(454) __overflow
217 22
+2 33
+2 11
fi=(113)
870 33
+2 22
+1 22
fe=(102)
221 11
+1 22
-1 11
cfi=(101)
cfn=(402)
calls=11 747 
* 481

fn=(404)
362 2
-1 3
+3 4
+4 4
-3 1
fi=(113)
870 3
+2 2
+1 2
fe=(102)
365 2
cfi=(103) /build/glibc-kAz5Pl/glibc-2.27/libio/filedoalloc.c
cfn=(406) _IO_file_doallocate
calls=1 78 
* 63279
* 2

fn=(582) _IO_flush_all_lockp
749 11
+5 4
+1 11
+3 1
-8 1
+5 1
+3 1
-3 1
+3 1
fi=(113)
870 2
fe=(102)
762 1
fi=(113)
870 2
fe=(102)
-98 6
-14 3
+16 3
-16 6
+3 3
-1 3
+1 3
+3 22
+14 9
+1 3
+4 12
-29 4

fn=(452)
392 2
-3 5
fi=(113)
870 1
fe=(102)
389 1
fi=(113)
870 1
fe=(102)
389 5
fi=(113)
870 2
fe=(102)
417 41
fi=(113)
872 26
+1 26
fe=(102)
417 52
cfi=(101)
cfn=(402)
calls=13 747 
* 429
* 26
+2 13
-2 13
-20 56
+25 1
-29 1
+29 7

fn=(580)
918 2
+3 1
-3 8
+3 1
cfn=(582)
calls=1 749 
* 114
-72 1
+72 1
-72 2
+1 11
+3 1
-3 1
+3 1
-3 1
+3 1
fi=(113)
+17 2
fe=(102)
-7 1
fi=(113)
+7 2
fe=(102)
+23 3
-40 9
+2 9
+2 6
+6 12
+8 2
+9 1
fi=(113)
-8 2
+1 2
fe=(102)
+7 4
cfi=(101)
cfn=(588)
calls=1 389 
* 83
+2 3
+4 5
+1 9
+10 9
+1 2
+35 12
-62 3
+2 2
+2 1
+1 1
-1 1
+2 3
-28 4
+14 4

fn=(590)
479 2
fi=(113)
870 1
fe=(102)
479 3
fi=(113)
870 1
fe=(102)
479 3
+1 1
fi=(113)
870 1
+2 2
+1 2
fe=(102)
480 2
cfi=(101)
cfn=(592)
calls=1 807 
* 17
* 3
+2 2
+7 1
-7 1
+10 2
+2 1
-2 1
+1 3
+2 6
-11 1
348 1
485 1
-1 1
+1 1
348 3
+7 1
-5 1
+1 1
+4 2

fn=(448) _IO_setb
347 3
+1 4
+3 1
+2 4
-3 1
+3 2
+3 3

fl=(90)
fn=(346) __new_exitfn
84 2
-6 2
+1 2
-1 1
+11 5
+2 3
-2 1
+10 2
-10 2
+45 1
+1 1
+4 4
-19 1
+1 2

fn=(342)
66 2
cfn=(344) __internal_atexit
calls=1 -30 
* 66

fn=(344)
36 8
+3 1
-3 1
+3 6
+1 2
cfn=(346)
calls=1 +44 
* 29
+2 2
+7 2
+3 1
-1 1
+2 1
+1 1
+1 4
+1 1
+1 6

fl=(108) /build/glibc-kAz5Pl/glibc-2.27/elf/dl-addr.c
fn=(420) _dl_addr
126 9
+2 1
-2 1
+5 1
-5 1
+5 2
cob=(1)
cfi=(2)
cfn=(52)
calls=1 784 
* 2
+2 2
cob=(1)
cfi=(94)
cfn=(377)
calls=1 -62 
* 1151
* 5
+2 3
30 1
+1 1
-1 1
+1 1
+3 2
+5 1
+6 1
-7 1
+2 3
+2 3
+3 1
+5 7
-6 2
+6 4043
+2 1010
+1 2020
-1 1
+1 2
+2 3664
+9 2052
+7 28
-2 28
+2 2353
-2 2297
+2 6003
-10 11625
+2 9300
+1 14806
+36 2
+1 1
+1 3
+3 2
+36 2
cob=(1)
cfi=(2)
cfn=(54)
calls=1 790 
* 2
+3 9
-27 1
+1 1
+20 2

fl=(99) /build/glibc-kAz5Pl/glibc-2.27/libio/ioputs.c
fn=(394) puts
33 6
+2 1
cfi=(100) /build/glibc-kAz5Pl/glibc-2.27/string/../sysdeps/x86_64/multiarch/strlen-avx2.S
cfn=(398) __strlen_avx2
calls=1 +17 
* 19
* 1
+1 1
-1 1
+1 17
+3 4
+1 1
fi=(113)
870 3
+2 2
+1 2
fe=(99)
40 3
cfi=(101)
cfn=(400)
calls=1 1220 
* 64131
* 2
+1 4
+1 4
fi=(113)
796 2
+1 8
fe=(99)
46 7
-5 2
cfi=(102)
cfn=(454)
calls=1 217 
* 168
* 2

fl=(107)
fn=(418) ptmalloc_init.part.0
289 2
+5 1
-5 3
+13 2
+6 2
+5 1
-5 1
+2 1
cfi=(105)
cfn=(430)
calls=1 1809 
* 647
+3 4
cob=(1)
cfi=(94)
cfn=(377)
calls=1 71 
* 1062
* 5
+1 4
cob=(1)
cfi=(9)
cfn=(26)
calls=1 +59 
* 18
* 1
+1 4
cob=(1)
cfi=(9)
cfn=(26)
calls=1 +58 
* 19
* 1
+1 4
cob=(1)
cfi=(9)
cfn=(26)
calls=1 +57 
* 18
* 1
+1 4
cob=(1)
cfi=(9)
cfn=(26)
calls=1 +56 
* 18
* 1
+1 4
cob=(1)
cfi=(9)
cfn=(26)
calls=1 +55 
* 19
* 1
+1 4
cob=(1)
cfi=(9)
cfn=(26)
calls=1 +54 
* 18
* 1
+1 4
cob=(1)
cfi=(9)
cfn=(26)
calls=1 +53 
* 18
* 1
+2 4
cob=(1)
cfi=(9)
cfn=(26)
calls=1 +51 
* 18
* 1
+1 4
cob=(1)
cfi=(9)
cfn=(26)
calls=1 +50 
* 18
* 1
+1 4
cob=(1)
cfi=(9)
cfn=(26)
calls=1 +49 
* 18
* 1
+71 2
+1 2
+4 2
-1 1
+1 4
-97 5
cfi=(108)
cfn=(420)
calls=1 126 
* 60460
* 2
+1 4

fl=(65)
fn=(226)
33 5
-1 2
+2 2
+1 3
fi=(66) /build/glibc-kAz5Pl/glibc-2.27/string/../sysdeps/x86_64/multiarch/memcmp.c
-6 1
fe=(65)

fl=(124) /build/glibc-kAz5Pl/glibc-2.27/stdlib/../sysdeps/ieee754/dbl-64/dbl2mpn.c
fn=(504) __mpn_extract_double
37 1
-2 1
+2 2
+1 1
+9 2
+9 1
-18 3
+18 1
-18 1
+9 1
+9 1
+47 2
+4 1
-4 1
+4 1

fl=(100)
fn=(398)
52 2
+1 2
+1 2
+3 2
+1 2
+1 2
+32 2
+1 2
+1 2
+1 2
+2 2
+1 2
+1 2
+1 2
+6 2
+1 2
+1 2
+4 2
+1 2

fl=(96)
fn=(382)
26 1536
+1 1536
cfi=(97)
cfn=(384)
calls=1536 288 
* 75166
+1 3072

fl=(57)
fn=(210)
33 4
+3 4
fi=(147) /build/glibc-kAz5Pl/glibc-2.27/string/../sysdeps/x86_64/multiarch/strcat.c
-7 1
fe=(57)

fn=(272)
33 4
+3 4
fi=(148) /build/glibc-kAz5Pl/glibc-2.27/string/../sysdeps/x86_64/multiarch/stpncpy.c
-5 1
fe=(57)

fn=(246)
33 4
+3 4
fi=(149) /build/glibc-kAz5Pl/glibc-2.27/string/../sysdeps/x86_64/multiarch/strcpy.c
-7 1
fe=(57)

fn=(274)
33 4
+3 4
fi=(150) /build/glibc-kAz5Pl/glibc-2.27/string/../sysdeps/x86_64/multiarch/stpcpy.c
-3 1
fe=(57)

fn=(204)
33 4
+3 4
fi=(151) /build/glibc-kAz5Pl/glibc-2.27/string/../sysdeps/x86_64/multiarch/strncpy.c
-7 1
fe=(57)

fl=(72)
fn=(250)
40 1
-2 1
+2 2
-2 2
+11 1

fl=(118)
fn=(488)
28 27
+4 1
+1 2
-1 5
+1 3
cfi=(119)
cfn=(490)
calls=1 1244 
* 2615
-5 3
+4 1
+1 2
-1 5
+1 3
cfi=(119)
cfn=(490)
calls=1 1244 
* 938
+4 10

fl=(80)
fn=(314)
52 8
+3 3
+14 1
fi=(81) /build/glibc-kAz5Pl/glibc-2.27/csu/../sysdeps/generic/dl-hash.h
-25 1
fe=(80)
+23 1
+1 1
fi=(81)
-23 1
fe=(80)
+24 1
fi=(82) /build/glibc-kAz5Pl/glibc-2.27/csu/../sysdeps/unix/sysv/linux/x86_64/init-first.c
-33 4
fi=(81)
+7 1
+5 3
+14 4
-17 3
+3 9
+14 12
-17 9
+22 1
fi=(82)
-31 2
+2 2
-2 1
+2 2
cfi=(63)
cfn=(218)
calls=1 -13 
* 17
+2 1
+4 1
-4 1
+4 1
-4 1
+1 2
+1 1
+2 1
cfi=(63)
cfn=(218)
calls=1 -19 
* 17
fe=(80)
+37 3
fi=(82)
-36 2
+1 1
fe=(80)
+35 1
cfi=(83)
cfn=(320)
calls=1 -50 
* 58
+3 1
cfi=(85)
cfn=(326)
calls=1 -53 
* 16
+5 6
-27 1
-7 1
+7 4

fl=(129) /build/glibc-kAz5Pl/glibc-2.27/nptl/alloca_cutoff.c
fn=(514) __libc_alloca_cutoff
28 9
+7 1

fl=(63)
fn=(218)
25 20
+1 8
+4 8
+18 24
-21 4
+20 4

fl=(74)
fn=(256)
40 2
-2 1
+2 2
-2 2
+11 1

fl=(106)
fn=(416)
30 2
fi=(107)
291 3
fe=(106)
29 3
cfi=(107)
cfn=(418)
calls=1 289 
* 62445
* 1
+4 1
-1 1
cfi=(105)
cfn=(415)
calls=1 3028 
* 715

fl=(126) /build/glibc-kAz5Pl/glibc-2.27/stdlib/mul.c
fn=(508) __mpn_mul
48 16
+6 2
+12 2
+5 1
+1 2
+70 11
-61 2
cfi=(127) /build/glibc-kAz5Pl/glibc-2.27/stdlib/../sysdeps/x86_64/mul_1.S
cfn=(510) __mpn_mul_1
calls=1 -49 
* 32
* 1
+7 1
-5 2
+1 1
+4 1

fl=(103)
fn=(406)
78 8
+6 4
fi=(113)
870 3
+2 2
+1 2
fe=(103)
84 3
cfi=(101)
cfn=(408)
calls=1 1169 
* 14
* 2
+2 4
+11 4
+4 2
cob=(2)
cfi=(18)
cfn=(412) 0x0000000004a482c0
calls=1 0 
* 63184
* 1
+2 1
-1 2
+2 4
cfi=(102)
cfn=(448)
calls=1 347 
* 18
+1 1
+1 8
-15 1
fi=(152) /build/glibc-kAz5Pl/glibc-2.27/libio/../misc/sys/sysmacros.h
-12 6
fe=(103)
+12 1
-2 2
+5 2

fl=(70)
fn=(254)
30 5
fi=(153) /build/glibc-kAz5Pl/glibc-2.27/string/../sysdeps/x86_64/multiarch/strpbrk.c
-1 1
fe=(70)

fn=(240)
30 5
fi=(154) /build/glibc-kAz5Pl/glibc-2.27/string/../sysdeps/x86_64/multiarch/strcspn.c
-1 1
fe=(70)

fn=(270)
30 5
fi=(155) /build/glibc-kAz5Pl/glibc-2.27/string/../sysdeps/x86_64/multiarch/strspn.c
-1 1
fe=(70)

fl=(139)
fn=(550)
28 8
+8 2
-8 6
+11 4
+82 12

fl=(58)
fn=(242)
32 5
fi=(71) /build/glibc-kAz5Pl/glibc-2.27/string/../sysdeps/x86_64/multiarch/strncase.c
-1 1
fe=(58)

fn=(262)
32 5
fi=(75) /build/glibc-kAz5Pl/glibc-2.27/string/../sysdeps/x86_64/multiarch/strcasecmp_l.c
-1 1
fe=(58)

fn=(278)
32 5
fi=(76) /build/glibc-kAz5Pl/glibc-2.27/string/../sysdeps/x86_64/multiarch/strncase_l.c
-1 1
fe=(58)

fn=(206)
32 5
fi=(59) /build/glibc-kAz5Pl/glibc-2.27/string/../sysdeps/x86_64/multiarch/strcasecmp.c
-1 1
fe=(58)

fl=(68)
fn=(232)
38 4
+3 4
+6 1

fl=(133)
fn=(526)
204 5
+1 5
+1 5
+13 5
+1 5
+44 5
+1 5
+2 5
+1 5
+1 4
+1 4
+1 3
+1 3
+1 3
+1 3
+1 3
+2 3
+22 1
+1 1
+1 1
+1 1
+1 1
+3 1
+1 1
+1 1
+1 1
+1 1

fl=(140)
fn=(594)
27 2
+4 1
+2 2

fl=(127)
fn=(510)
32 9
+3 9
+1 9
+1 9
+1 9
+1 9
+2 9
+1 9
+2 9
+1 9
+1 9
+1 9
+1 8
+2 8
+1 8
+1 8
+1 8
+26 1
+1 1
+1 1
+1 1
+1 1
+1 1
+1 1
+1 1
+1 1
+26 1
+1 1
+1 1
+2 1
+1 1
+1 1
+1 1
+1 1
+1 1
+2 1
+3 1
-5 8
+2 8
+3 8

fl=(60)
fn=(220)
32 1
-2 1
+2 2
-2 3
fi=(156) /build/glibc-kAz5Pl/glibc-2.27/string/../sysdeps/x86_64/multiarch/rawmemchr.c
+1 1
fe=(60)

fn=(212)
32 1
-2 1
+2 2
-2 3
fi=(157) /build/glibc-kAz5Pl/glibc-2.27/string/../sysdeps/x86_64/multiarch/strrchr.c
-2 1
fe=(60)

fn=(238)
32 2
-2 2
+2 4
-2 6
fi=(158) /build/glibc-kAz5Pl/glibc-2.27/string/../sysdeps/x86_64/multiarch/strnlen.c
+1 2
fe=(60)

fn=(258)
32 1
-2 1
+2 2
-2 3
fi=(159) /build/glibc-kAz5Pl/glibc-2.27/string/../sysdeps/x86_64/multiarch/strlen.c
-1 1
fe=(60)

fn=(260)
32 1
-2 1
+2 2
-2 3
fi=(160) /build/glibc-kAz5Pl/glibc-2.27/string/../sysdeps/x86_64/multiarch/memrchr.c
-1 1
fe=(60)

fn=(266)
32 1
-2 1
+2 2
-2 3
fi=(161) /build/glibc-kAz5Pl/glibc-2.27/string/../sysdeps/x86_64/multiarch/memchr.c
-1 1
fe=(60)

fn=(276)
32 1
-2 1
+2 2
-2 3
fi=(162) /build/glibc-kAz5Pl/glibc-2.27/string/../sysdeps/x86_64/multiarch/strchrnul.c
+1 1
fe=(60)

fl=(77)
fn=(282)
42 2
fi=(62)
+2 1
+1 1
fe=(77)
-3 3
fi=(62)
+1 1
+5 3
+14 4
-17 3
+3 9
+14 12
-17 9
+22 1
fe=(77)
-25 6
cfi=(63)
cfn=(218)
calls=1 -17 
* 17
* 5

fl=(122)
fn=(498)
1272 1
-1 1
+1 4
cfn=(500) __printf_fp_l
calls=1 213 
* 1993

fn=(518) hack_digit
167 27
+3 45
+2 48
+2 8
+1 24
-1 8
+1 8
cfi=(127)
cfn=(510)
calls=8 32 
* 160
* 8
+32 48
-37 54
+37 5

fn=(500)
213 16
+50 1
-50 1
+41 1
+16 1
-7 1
+10 1
-10 2
+10 1
-10 1
+10 2
fi=(123) /build/glibc-kAz5Pl/glibc-2.27/stdio-common/../include/../locale/localeinfo.h
+36 1
fe=(122)
-15 1
fi=(123)
+15 2
fe=(122)
-33 2
+18 1
+8 1
-71 1
-1 1
383 3
+5 2
+40 1
+13 1
-13 6
+1 1
+1 2
+3 4
+1 2
+1 2
-2 1
+1 1
-1 1
+2 1
+7 1
-8 1
+1 1
+7 1
-50 17
cfi=(124)
cfn=(504)
calls=1 37 
* 20
* 5
1265 12
645 2
827 1
+10 2
-10 1
+10 2
-10 1
+10 3
+2 1
-2 1
+2 1
+10 2
+48 1
-61 1
+61 2
+14 4
+1 1
-1 2
+7 2
fi=(130) /build/glibc-kAz5Pl/glibc-2.27/stdio-common/../sysdeps/pthread/allocalim.h
27 2
cfi=(129)
cfn=(514)
calls=1 +1 
* 10
+2 2
fe=(122)
928 7
+4 1
-3 1
+3 1
-3 1
+3 3
+12 1
+13 1
-1 1
+2 3
+4 8
-1 8
+2 8
-1 8
cfn=(518)
calls=8 167 
* 390
* 8
+3 25
-7 32
+1 2
+15 3
+1 3
cfn=(518)
calls=1 167 
* 53
+2 7
+2 3
+3 2
-4 1
fi=(131) /build/glibc-kAz5Pl/glibc-2.27/stdio-common/../sysdeps/generic/get-rounding-mode.h
94 1
+1 5
fe=(122)
1093 3
+7 2
+3 3
+13 3
+46 7
+2 6
+2 1
-2 1
+2 7
257 1
1169 2
+2 4
852 1
+2 1
-1 1
+10 1
-11 3
-1 1
+1 4
+3 3
fi=(131)
95 2
fi=(132) /build/glibc-kAz5Pl/glibc-2.27/stdio-common/../include/rounding-mode.h
-43 2
fe=(122)
661 4
cfi=(125)
cfn=(506)
calls=1 29 
* 15
+1 1
+4 1
-8 1
+8 1
-18 1
+38 1
-24 1
+4 1
-4 3
+52 1
-49 1
+1 1
+48 2
-25 3
+1 2
+3 2
+9 1
-8 2
-1 1
+2 1
+7 1
-7 1
-2 2
+2 1
-2 1
+2 2
+7 3
+22 3
+61 12
-2 12
+2 46
671 12
+2 24
+7 2
+1 3
+1 1
-2 3
+6 4
cfi=(126)
cfn=(508)
calls=1 48 
* 74
* 1
+5 3
+41 1
+1 2
-1 1
+1 2
+5 1
-6 1
+6 3
+3 3
+34 1
cfi=(128)
cfn=(512)
calls=1 29 
* 17
+3 5
1173 2
+3 5
+9 1
+7 1
-7 2
+7 2
+5 2
cfi=(100)
cfn=(398)
calls=1 52 
* 19
* 1
+2 1
-2 1
+2 2
+5 2
+2 1
-2 2
+2 1
-2 1
+2 1
+11 6
+7 9
+3 18
+3 18
-6 30
+1 30
+1 4
cfi=(133)
cfn=(526)
calls=1 204 
* 17
* 1
* 1
+2 2
+6 4
+17 5
473 1
1251 118
cfi=(102)
cfn=(454)
calls=10 217 
* 500
* 20
987 1
-1 1
+1 10
765 3
1254 3
+7 3
1085 3
950 1
+2 1
-1 1
831 1
950 1
+2 3
-88 3
-77 3
+22 4
1200 2
742 3
+7 1
+3 5

fl=(111)
fn=(444)
32 2
+8 2
-8 6
+8 9
+1 2
cfi=(112)
cfn=(446)
calls=1 -10 
* 12
* 3
+3 4
+4 1

ob=(2)
fl=(18)
fn=(560)
0 3

fn=(412)
0 1
cob=(3)
cfi=(105)
cfn=(414)
calls=1 3028 
0 63183

fn=(568) 0x0000000004026040
0 1
cob=(3)
cfi=(138)
cfn=(548)
calls=1 30 
0 74

fn=(578)
0 3

fn=(304)
0 6

fn=(350)
0 6

ob=(3)
fl=(111)
fn=(444)
48 5
+12 5
-4 2
cfi=(112)
cfn=(446)
calls=1 -25 
* 12
* 2
+4 5

ob=(2)
fl=(18)
fn=(86)
0 1
cob=(1)
cfi=(19)
cfn=(88)
calls=1 111 
0 4

fn=(546)
0 1
cob=(3)
cfi=(138)
cfn=(548)
calls=1 30 
0 74

ob=(4)
fl=(79)
fn=(308)
0 17

fn=(562)
0 8
cob=(2)
cfi=(18)
cfn=(568)
calls=1 0 
0 75
0 1
cfn=(572) 0x0000000000001050
calls=1 0 
0 8
0 3

fn=(572)
0 8

totals: 755324
