# callgrind format
version: 1
creator: callgrind-3.13.0
pid: 13738
cmd:  ./kara768
part: 1


desc: I1 cache: 32768 B, 64 B, 8-way associative
desc: D1 cache: 32768 B, 64 B, 8-way associative
desc: LL cache: 6291456 B, 64 B, 12-way associative

desc: Timerange: Basic block 0 - 709002
desc: Trigger: Program termination

positions: line
events: Ir Dr Dw I1mr D1mr D1mw ILmr DLmr DLmw
summary: 9084092 1858355 728477 1421 3458 1507 1381 2075 1117


ob=(3) /lib/x86_64-linux-gnu/libc-2.27.so
fl=(84) /build/glibc-kAz5Pl/glibc-2.27/string/../sysdeps/x86_64/multiarch/strrchr-avx2.S
fn=(324) __strrchr_avx2
43 1 0 0 1 0 0 1
+1 1
+2 1
+1 1
+3 1
+1 1
+1 1
+2 1 1 0 0 1
+1 1
+1 1 0 0 1 0 0 1
+1 1
+1 1
+1 1
+2 1
+1 1
+12 1
+1 1
216 1 0 0 1 0 0 1
+1 1
+1 1
+1 1 0 0 1 0 0 1
+1 1
+2 1
+1 1
+1 1
+1 1
+1 1 1

fl=(93) /build/glibc-kAz5Pl/glibc-2.27/setjmp/sigjmp.c
fn=(366) __sigjmp_save
29 1
-1 2 0 1
+1 2 0 1
+5 3 2

fl=(103) /build/glibc-kAz5Pl/glibc-2.27/libio/filedoalloc.c
fn=(404) _IO_file_doallocate
78 8 1 4 1 0 0 1
+6 4 2 0 1 0 0 1
fi=(113) /build/glibc-kAz5Pl/glibc-2.27/libio/libioP.h
870 3
+2 2
+1 2
fe=(103)
84 3 1 1 0 0 1
cfi=(101) /build/glibc-kAz5Pl/glibc-2.27/libio/fileops.c
cfn=(406) _IO_file_stat
calls=1 1169 
* 14 2 0 2 0 0 2
* 2
+2 4 1 0 1 0 0 1
+11 4 1
+4 2 0 1
cob=(2) ???
cfi=(18) ???
cfn=(410) 0x0000000004a482c0
calls=1 0 
* 63184 15095 785 90 1190 82 87 903 45
* 1
+2 1
-1 2
+2 4 0 1
cfi=(102) /build/glibc-kAz5Pl/glibc-2.27/libio/genops.c
cfn=(446) _IO_setb
calls=1 347 
* 18 4 4 2 2 0 2
+1 1
+1 8 6 0 0 1
-15 1 1 0 1 0 0 1
fi=(141) /build/glibc-kAz5Pl/glibc-2.27/libio/../misc/sys/sysmacros.h
-12 6 0 0 1 0 0 1
fe=(103)
+12 1
-2 2
+5 2 0 1

fl=(124) /build/glibc-kAz5Pl/glibc-2.27/stdlib/../sysdeps/ieee754/dbl-64/dbl2mpn.c
fn=(500) __mpn_extract_double
37 6 0 0 1 0 0 1
-2 6
+2 12 0 6
+1 6
+9 12
+9 6
-18 18
+18 6
-18 6 0 6
+9 6 0 6 0 0 6
+9 6 0 0 1 0 0 1
+47 12
+4 6
-4 6 0 6
+4 6 6

fl=(83) /build/glibc-kAz5Pl/glibc-2.27/misc/init-misc.c
fn=(320) __init_misc
31 2 0 0 1 0 0 1
-1 3 0 2
+1 4 1
+2 3 0 1 1 0 0 1
cfi=(84)
cfn=(324)
calls=1 +10 
* 27 2 0 4 1 0 4
* 1 1 0 1 0 0 1
+1 2
+3 3 1 1 0 1 1
+1 3 2 1
+2 4 3

fl=(139) /build/glibc-kAz5Pl/glibc-2.27/nptl/unregister-atfork.c
fn=(554) __unregister_atfork
28 8 0 4 1 0 0 1
+8 2 2 0 0 1 0 0 1
-8 6 2 2
+11 4
+82 12 10 0 1 0 0 1

fl=(119) /build/glibc-kAz5Pl/glibc-2.27/stdio-common/vfprintf.c
fn=(486) vfprintf
1244 168 12 84 2 0 0 2
+31 36 24 12 0 5
+8 36 12 0 0 4
+4 60 12 0 1 4 0 1
+11 48 0 12
+11 12 12
fi=(121) /build/glibc-kAz5Pl/glibc-2.27/stdio-common/printf-parse.h
108 24
fe=(119)
1309 36 12 24 0 0 2
fi=(121)
108 12 0 12 1 0 4 1
cfi=(120) /build/glibc-kAz5Pl/glibc-2.27/string/../sysdeps/x86_64/multiarch/strchr-avx2.S
cfn=(490) __strchrnul_avx2
calls=12 -63 
* 216 24 0 3 0 0 3
* 12 12 0 1 1 0 1
fe=(119)
1324 12
fi=(121)
108 12 0 12
fe=(119)
1320 12 0 12 0 0 3
+4 72 12 24 0 4
+1 156 60 36 3 8 0 3
+3 12 12
fi=(142) /build/glibc-kAz5Pl/glibc-2.27/stdio-common/../libio/libioP.h
870 36
+2 12
-2 12
+2 12
-2 12 0 12
+3 24
fe=(119)
1328 72 24 12 1 4 0 1
cfi=(101)
cfn=(398) _IO_file_xsputn@@GLIBC_2.2.5
calls=12 1220 
* 660 156 96 1 0 6 1
* 24
1696 60 24 12
+1 36 12
+3 144 108 0 1 0 0 1
1283 24 0 0 1 0 0 1
+45 24
+4 36 24
+4 60 36 0 1 4 0 1
-57 12 0 12
+57 24
-23 12 0 12 1 0 5 1
-8 12 0 12
-59 24 0 24
1378 192 36 12 1 2 0 1 2
-3 12 12
-5 12 0 12
-5 12
+1 12 0 12 1 0 0 1
-2 12
-1 12
-1 12
-1 12 0 12
-1 12 0 12
+15 12
-16 12 0 12
-1 12 0 12
-1 12 0 12 1 0 0 1
+14 12 0 12
-4 12
+8 12 0 12
-1 12 0 12
1637 24
+59 72 12 24 2 0 0 2
-36 12 0 12 1 0 0 1
+2 24 12
+8 12 12
fi=(121)
108 12 0 0 1 0 0 1
fe=(119)
1670 12
fi=(121)
108 12
fe=(119)
1670 12 0 12
fi=(121)
108 12 0 12
cfi=(120)
cfn=(490)
calls=12 -63 
* 216 24
* 12 12
fe=(119)
1674 12
-4 12 0 12
+4 24 12
fi=(142)
872 36
+1 24 12 0 1 0 0 1
fe=(119)
1674 60 12 12
cfi=(101)
cfn=(398)
calls=12 1220 
* 2808 636 396 3 4 0 3
* 132 12
+2 36 12 0 1 0 0 1
-34 60 18 12 2 0 0 2
cfi=(134) /build/glibc-kAz5Pl/glibc-2.27/stdio-common/_itoa.c
cfn=(526) _itoa_word
calls=6 168 
* 768 65 59 3 1 0 3 1
* 222 90 0 6 0 0 6
fi=(142)
872 18 0 0 1 0 0 1
+1 12 6
fe=(119)
1642 30 6 12
cfi=(101)
cfn=(398)
calls=6 1220 
* 679 143 60
* 402 78 66 6 0 0 6
cfi=(122) /build/glibc-kAz5Pl/glibc-2.27/stdio-common/printf_fp.c
cfn=(494) __printf_fp
calls=6 1272 
* 12058 2642 1544 97 79 55 96 10
* 12
1529 18 6 6 2 0 0 2
+1 18 6
+26 6
+14 6
-14 18
+43 78 12 0 1 2 0 1 2
+43 48 0 12 1 0 0 1
1324 48 12 24 1 0 0 1
1642 84 24 12 4 0 0 4
+1 24 6 0 1 0 0 1
-1 96 24 12 3 0 0 3
-71 36 6 0 2 0 0 2
+71 60 12 6 1 0 0 1
-84 42 0 36 2 0 0 2
cfi=(121)
cfn=(492) read_int
calls=6 73 
* 78 24 6 2 0 0 2
+4 6
-4 6
+4 36 30
+34 18 12 0 1 0 0 1

fl=(129) /build/glibc-kAz5Pl/glibc-2.27/nptl/alloca_cutoff.c
fn=(510) __libc_alloca_cutoff
28 54 6 0 2 1 0 2
+7 6 6

fl=(89) /build/glibc-kAz5Pl/glibc-2.27/csu/../csu/libc-start.c
fn=(340) (below main)
137 8 0 5 1 0 0 1
+4 1 1
-4 2 0 2 1 0 0 1
+4 2
+98 1
-98 1 0 1
+98 1
+1 4 0 1
cfi=(90) /build/glibc-kAz5Pl/glibc-2.27/stdlib/cxa_atexit.c
cfn=(342) __cxa_atexit
calls=1 66 
* 68 15 17 9 4 1 9 1 1
+22 4 2
+3 2 0 0 1 0 0 1
+1 5 4 1
cob=(5) /home/kzoacn/PolyMultiply/kara768
cfi=(88) ???
cfn=(348) __libc_csu_init
calls=1 0 
* 57 13 9 8 0 0 7
+4 4 2
+15 2
+12 2 0 1
cfi=(91) /build/glibc-kAz5Pl/glibc-2.27/setjmp/../sysdeps/x86_64/bsd-_setjmp.S
cfn=(362) _setjmp
calls=1 30 
* 28 6 10 3 0 0 3
+1 2 0 0 1 0 0 1
+5 2 1 1 0 1
+1 2 1 1 0 1
+3 2 0 1
+3 6 5 1 1 0 0 1
cob=(5)
cfi=(88)
cfn=(368) main
calls=1 0 
* 8956645 1828008 716678 562 2123 955 548 938 598
+34 2 0 1
cfi=(135) /build/glibc-kAz5Pl/glibc-2.27/stdlib/exit.c
cfn=(536) exit
calls=1 139 
* 1194 317 210 91 43 8 72 6

fl=(140) /build/glibc-kAz5Pl/glibc-2.27/posix/../sysdeps/unix/sysv/linux/_exit.c
fn=(598) _Exit
27 2 1 0 1 0 0 1
+4 1
+2 2

fl=(126) /build/glibc-kAz5Pl/glibc-2.27/stdlib/mul.c
fn=(504) __mpn_mul
48 96 6 48 1 0 4 1
+6 12
+12 12
+5 6 6 0 1 6 0 1 1
+1 12
+70 66 54 0 1 0 0 1
-61 12 0 12 1 0 4 1
cfi=(127) /build/glibc-kAz5Pl/glibc-2.27/stdlib/../sysdeps/x86_64/mul_1.S
cfn=(506) __mpn_mul_1
calls=6 -49 
* 192 24 18 4 0 6 4
* 6 6
+7 6
-5 12 0 6
+1 6 0 0 1 0 0 1
+4 6

fl=(120)
fn=(490)
45 24 0 0 1 0 0 1
+2 24
+1 24
+1 24
+2 24 0 0 1 0 0 1
+1 24
+1 24
+4 24 24
+1 24
+1 24
+1 24
+1 24
+1 24
+1 24
184 24 0 0 1 0 0 1
+2 24
+7 24
+1 24 24

fl=(92) /build/glibc-kAz5Pl/glibc-2.27/setjmp/../sysdeps/x86_64/setjmp.S
fn=(364) __sigsetjmp
26 1 0 1 1 0 0 1
+9 1
+1 2 1
+1 1 0 1
+4 1 0 1
+1 1 0 1
+1 1 0 1
+1 1 0 1
+1 1
+2 2 1 0 1 0 0 1
+2 1 0 1
+1 1 1
+3 2 1
+2 1 0 1
+8 1
cfi=(93)
cfn=(366)
calls=1 -34 
* 8 2 2

fl=(111) /build/glibc-kAz5Pl/glibc-2.27/misc/sbrk.c
fn=(442) sbrk
32 2 0 2 1 0 0 1
+8 2 2 0 0 1
-8 6 0 4
+8 9 3 0 0 2
+1 2 0 1
cfi=(112) /build/glibc-kAz5Pl/glibc-2.27/misc/../sysdeps/unix/sysv/linux/x86_64/brk.c
cfn=(444) brk
calls=1 -10 
* 12 2 1 2 0 0 2
* 3 1
+3 4 0 0 1 0 0 1
+4 6
+12 5 4
-4 2 0 1 1 0 0 1
cfi=(112)
cfn=(444)
calls=1 -25 
* 12 2 1
* 2
+4 5 4

fl=(86) /build/glibc-kAz5Pl/glibc-2.27/string/../sysdeps/x86/cacheinfo.c
fn=(328) init_cacheinfo
488 7 0 6 1 0 0 1
+14 6 4 0 1 0 0 1
758 2
+2 1
+1 1 0 1 0 0 1 0 0 1
+2 1
-3 1 0 0 1 0 0 1
+5 1 0 1
-5 1 0 1
+4 3 0 1
+4 2
+3 2
+2 1
+1 1 0 1 0 0 1 0 0 1
+2 1
-3 1
+5 1 0 1 1 0 0 1
-5 1 0 1
+4 3 0 1
+9 1 1
+2 8 1
-2 1 0 1 0 0 1 0 0 1
+3 8 7
500 1 1 0 1 0 0 1
+4 1
-4 1 0 1
+4 1 0 1
cfn=(330) handle_intel.constprop.1
calls=1 259 
* 456 49 23 14 6 0 14 6
+2 1
-2 1
+2 1 0 1
cfn=(330)
calls=1 259 
* 500 49 23 1 0 0 1
+5 1
-5 1 0 1 1 0 0 1
+5 1 0 1
cfn=(330)
calls=1 259 
* 526 49 23
+8 1
-8 1
+8 1
+11 1
-20 1 0 1
+25 3 1
+4 2 1
+8 6 0 0 1 0 0 1
+3 2
+9 6
+14 2
+4 1
+3 1
+1 1
-4 1
+3 1
-3 1
+3 1
+6 8
-39 3
+3 9
+6 6
-6 3 0 0 1 0 0 1
+6 2
+3 20
+5 2
+4 1
+1 1
-1 3
691 4 0 0 1 0 0 1
+1 5
+4 2
+59 2 0 0 1 0 0 1
592 2 1 0 1 0 0 1
+8 1
+2 1
-2 6 1 0 1 0 0 1
+2 4
-2 1
+4 1
+23 2
-25 2
+2 6
+2 6 0 0 1 0 0 1
+3 2
+1 8
+2 4
+3 2
+5 1
+2 2
+1 1
-1 1
+2 1
-2 1
+1 2 0 0 1 0 0 1
+27 2
+1 1
+1 2
+2 1 1
-1 1
+1 1
-24 3 0 0 1 0 0 1
+4 2 1
+3 1
+2 4
+1 1
+5 2

fn=(332) intel_check_word.isra.0
132 12 0 0 1 0 0 1
+6 6
-10 18 0 12
+10 6
-10 6 0 6
+10 6
-10 6 0 6
+10 12
-10 6
+10 6
+2 6
-2 6
+2 18 0 0 1 0 0 1
250 12
140 24
+2 15
+2 30
+8 30
+51 24
+22 12 0 0 1 0 0 1
fi=(87) /build/glibc-kAz5Pl/glibc-2.27/string/../bits/stdlib-bsearch.h
28 12
-1 24
+8 66
-6 162
+2 162
+1 81
fe=(86)
+87 162 81 0 0 6 0 0 6
+3 81
fi=(87)
-85 30 0 0 1 0 0 1
fe=(86)
+97 3
255 36 30
-91 9 0 0 1 0 0 1
+3 9
-6 3
+3 6
+9 6
+1 6
+4 10
+1 10
+17 5
-32 15
+3 15
+4 16 0 0 1 0 0 1
+2 32
+2 14
+1 4
+5 3 0 0 1 0 0 1
+2 6
+2 3 0 0 1 0 0 1
+2 3
+1 3
-3 3
+2 3
-1 3
+1 3
-2 3
+3 3
-2 9
+2 9
-11 11 0 0 1 0 0 1

fn=(330)
259 21 0 18 1 0 0 1
+2 3 3
-2 9 3 3
+5 9 3
+8 3 0 3
+1 3 0 3
-3 3 0 3 1 0 0 1
+5 12
+6 6
+5 3
-5 9 0 6
+5 3
+2 3
+1 3
-1 3 0 3 1 0 0 1
+5 18 0 3
cfn=(332)
calls=3 132 
* 990 96 12 4 6 0 4 6
+2 6
+3 21 0 3 1 0 0 1
cfn=(332)
calls=3 132 
* 315 15 12 5 0 0 5
+2 6
+19 33 27 0 2 0 0 2

fl=(116) /build/glibc-kAz5Pl/glibc-2.27/rt/../sysdeps/unix/clock_gettime.c
fn=(470) clock_gettime
93 72 12 24 2 5 0 2
+22 60 12 12
cfi=(117) /build/glibc-kAz5Pl/glibc-2.27/misc/../sysdeps/unix/syscall-template.S
cfn=(472) __syscall_clock_gettime
calls=12 -56 
* 36 12 0 1 0 0 1
* 24
+19 48 36

fl=(112)
fn=(444)
31 16 2 2 1 0 0 1
+8 2
-6 4 0 0 1 0 0 1
+7 2 2

fl=(90)
fn=(346) __new_exitfn
84 2 1 0 1 1 0 1
-6 2 0 2
+1 2
-1 1
+11 5 1 0 0 1
+2 3 1 0 1 1 0 1
-2 1 1 0 1 0 0 1
+10 2 0 1
-10 2
+45 1 0 1 1 0 0 1
+1 1 0 1
+4 4 3
-19 1
+1 2 0 1

fn=(342)
66 2 0 0 1 0 0 1
cfn=(344) __internal_atexit
calls=1 -30 
* 66 15 17 8 4 1 8 1 1

fn=(344)
36 8 0 4 2 0 0 2
+3 1
-3 1
+3 6 1 1 0 1 1 0 1 1
+1 2 0 1 1 0 0 1
cfn=(346)
calls=1 +44 
* 29 7 6 4 3 0 4
+2 2
+7 2 1
+3 1 0 1
-1 1 0 1
+2 1 0 1
+1 1 0 1
+1 4 1 1 1 0 0 1
+1 1
+1 6 5

fl=(60) /build/glibc-kAz5Pl/glibc-2.27/string/../sysdeps/x86_64/multiarch/ifunc-avx2.h
fn=(212) rindex
32 1 1 0 1 0 0 1
-2 1
+2 2 1
-2 3
fi=(143) /build/glibc-kAz5Pl/glibc-2.27/string/../sysdeps/x86_64/multiarch/strrchr.c
-2 1 1
fe=(60)

fn=(276) strchrnul
32 1 1 0 1 0 0 1
-2 1
+2 2 1
-2 3
fi=(144) /build/glibc-kAz5Pl/glibc-2.27/string/../sysdeps/x86_64/multiarch/strchrnul.c
+1 1 1
fe=(60)

fn=(258) strlen
32 1 1
-2 1
+2 2 1
-2 3
fi=(145) /build/glibc-kAz5Pl/glibc-2.27/string/../sysdeps/x86_64/multiarch/strlen.c
-1 1 1
fe=(60)

fn=(260) memrchr
32 1 1 0 1 0 0 1
-2 1
+2 2 1
-2 3
fi=(146) /build/glibc-kAz5Pl/glibc-2.27/string/../sysdeps/x86_64/multiarch/memrchr.c
-1 1 1
fe=(60)

fn=(266) memchr
32 1 1 0 1 0 0 1
-2 1
+2 2 1
-2 3
fi=(147) /build/glibc-kAz5Pl/glibc-2.27/string/../sysdeps/x86_64/multiarch/memchr.c
-1 1 1
fe=(60)

fn=(238) strnlen
32 2 2 0 1 0 0 1
-2 2
+2 4 2 0 1 0 0 1
-2 6
fi=(148) /build/glibc-kAz5Pl/glibc-2.27/string/../sysdeps/x86_64/multiarch/strnlen.c
+1 2 2
fe=(60)

fn=(220) rawmemchr
32 1 1 0 1 0 0 1
-2 1
+2 2 1
-2 3
fi=(149) /build/glibc-kAz5Pl/glibc-2.27/string/../sysdeps/x86_64/multiarch/rawmemchr.c
+1 1 1
fe=(60)

fl=(58) /build/glibc-kAz5Pl/glibc-2.27/string/../sysdeps/x86_64/multiarch/ifunc-strcasecmp.h
fn=(278) strncasecmp_l
32 5 2 0 1 0 0 1
fi=(76) /build/glibc-kAz5Pl/glibc-2.27/string/../sysdeps/x86_64/multiarch/strncase_l.c
-1 1 1
fe=(58)

fn=(242) strncasecmp
32 5 2
fi=(71) /build/glibc-kAz5Pl/glibc-2.27/string/../sysdeps/x86_64/multiarch/strncase.c
-1 1 1 0 1 0 0 1
fe=(58)

fn=(206) strcasecmp
32 5 2 0 1 0 0 1
fi=(59) /build/glibc-kAz5Pl/glibc-2.27/string/../sysdeps/x86_64/multiarch/strcasecmp.c
-1 1 1 0 1 0 0 1
fe=(58)

fn=(262) strcasecmp_l
32 5 2
fi=(75) /build/glibc-kAz5Pl/glibc-2.27/string/../sysdeps/x86_64/multiarch/strcasecmp_l.c
-1 1 1 0 1 0 0 1
fe=(58)

fl=(63) /build/glibc-kAz5Pl/glibc-2.27/elf/../sysdeps/unix/sysv/linux/dl-vdso.c
fn=(218) _dl_vdso_vsym
25 20 4 4 1 1 0 1
+1 8 8 0 0 1
+4 8
+18 24 12 0 1 0 0 1
-21 4 0 0 1 0 0 1
+20 4

fl=(118) /build/glibc-kAz5Pl/glibc-2.27/stdio-common/printf.c
fn=(484) printf
28 162 6 114 2 0 0 2
+4 6 0 0 1 0 0 1
+1 12
-1 30 0 24
+1 18 12 6 0 5
cfi=(119)
cfn=(486)
calls=6 1244 
* 15706 3476 2174 141 121 75 140 14
-5 18 6 6
+4 6
+1 12
-1 30 0 24
+1 18 12 6
cfi=(119)
cfn=(486)
calls=6 1244 
* 5521 1150 725 24 1 0 24 1
+4 60 36 0 1 0 0 1

fl=(73) /build/glibc-kAz5Pl/glibc-2.27/wcsmbs/../sysdeps/x86_64/multiarch/ifunc-wmemset.h
fn=(252) wmemset
32 4 4 0 1 0 0 1
-2 2
+2 4
-2 4 0 0 1 0 0 1
+5 2
-1 8
fi=(150) /build/glibc-kAz5Pl/glibc-2.27/wcsmbs/../sysdeps/x86_64/multiarch/wmemset.c
-3 2 2
fe=(73)

fl=(127)
fn=(506)
32 54 0 54 1 0 0 1
+3 54
+1 54 54
+1 54
+1 54
+1 54
+2 54
+1 54
+2 54
+1 54
+1 54
+1 54 0 0 1 0 0 1
+1 48
+2 48
+1 48
+1 48 0 48
+1 48
+26 6 0 0 1 0 0 1
+1 6
+1 6
+1 6
+1 6
+1 6
+1 6 6
+1 6
+1 6
+26 6 0 0 1 0 0 1
+1 6
+1 6
+2 6 0 6 0 0 6
+1 6
+1 6
+1 6 0 6
+1 6
+1 6
+2 6 6
+3 6 6
-5 48
+2 48 48
+3 48 48

fl=(99) /build/glibc-kAz5Pl/glibc-2.27/libio/ioputs.c
fn=(392) puts
33 36 0 24 2 0 0 1
+2 6 0 6
cfi=(100) /build/glibc-kAz5Pl/glibc-2.27/string/../sysdeps/x86_64/multiarch/strlen-avx2.S
cfn=(396) __strlen_avx2
calls=6 +17 
* 106 13 0 3 4 0 2 2
* 6 6 0 1 1 0 1
+1 6 6 0 0 1
-1 6
+1 102 42 18 3 3 0 2 1
+3 19 6 1 0 1
+1 1 1 0 1 0 0 1
fi=(113)
870 3
+2 2
+1 2
fe=(99)
40 5 5
fi=(113)
870 15
+2 10
+1 10
fe=(99)
40 18 6 6 0 1
cfi=(101)
cfn=(398)
calls=6 1220 
* 64893 15499 957 118 1201 83 115 904 45
* 12
+1 24 18 0 2 1 0 1
+1 24
fi=(113)
796 12 6
+1 48 12 18 2 0 0 1
fe=(99)
46 42 30 0 0 1
-8 10
+3 12 0 6 2 0 0 2
cfi=(102)
cfn=(452) __overflow
calls=6 217 
* 1008 258 162 12 2 0 12
* 12

fl=(104) /build/glibc-kAz5Pl/glibc-2.27/io/../sysdeps/unix/sysv/linux/wordsize-64/fxstat.c
fn=(408) _fxstat
34 1 0 0 1 0 0 1
-1 1
+1 1
+1 6
+4 1 1

fl=(98) /build/glibc-kAz5Pl/glibc-2.27/stdlib/random_r.c
fn=(386) random_r
357 6144 0 0 1 0 0 1
+5 1536 1536 0 0 1
-2 1536 1536
+2 3072
+9 1536 1536
+1 1536 1536
+1 1536 1536
+3 3072 3072 0 0 2 0 0 2
+3 3072
-3 1536 0 1536
+2 1536
+2 1536
-2 1536 0 1536
+2 1536
+11 49 0 49
+1 49 0 49
+2 98 49
-6 2974 0 0 1 0 0 1
-28 98
+32 49 0 49
+2 49
-3 98 49 49
-31 1438
+32 1438 0 1438
+2 1438
-3 2876 1438 1438

fl=(77) /build/glibc-kAz5Pl/glibc-2.27/time/../sysdeps/unix/sysv/linux/x86/gettimeofday.c
fn=(282) gettimeofday
42 2 0 0 1 0 0 1
fi=(62) /build/glibc-kAz5Pl/glibc-2.27/time/../sysdeps/generic/dl-hash.h
+2 1
+1 1
fe=(77)
-3 3 0 2
fi=(62)
+1 1
+5 3 0 0 1 0 0 1
+14 4
-17 3 1
+3 9
+14 12
-17 9 3
+22 1
fe=(77)
-25 6 0 2 1 0 0 1
cfi=(63)
cfn=(218)
calls=1 -17 
* 17 6 1
* 5 1

fl=(134)
fn=(526)
168 24 0 0 1 0 0 1
+2 12
+9 720 59 59 2 1 0 2 1
+9 12 6

fl=(136) /build/glibc-kAz5Pl/glibc-2.27/stdlib/cxa_thread_atexit_impl.c
fn=(540) __call_tls_dtors
145 3 0 2 1 0 0 1
+1 4 2 0 0 1
+18 4 3 0 1 0 0 1

fl=(69) /build/glibc-kAz5Pl/glibc-2.27/string/../sysdeps/x86_64/multiarch/ifunc-memset.h
fn=(234) memset
42 5 2 0 1 0 0 1
+4 2
-1 4 1
+12 2
+2 5 1

fl=(114) /build/glibc-kAz5Pl/glibc-2.27/io/../sysdeps/unix/sysv/linux/write.c
fn=(460) write
27 144 18 0 1 0 0 1
+1 18 18

fl=(100)
fn=(396)
52 12 0 0 1
+1 12
+1 12
+3 12
+1 12
+1 12 0 0 1 0 0 1
+3 3 3 0 0 3 0 0 1
+1 3
+1 3
+8 3
+19 9
+1 9
+1 9 9 0 0 1 0 0 1
+1 9
+2 9
+1 9
+1 9
+1 8
+6 8
+1 8
+1 8 0 0 1 0 0 1
+4 8
+1 8 8
+16 1
+10 1 1 0 0 1 0 0 1
+1 1
+1 1
+1 1
332 4 0 0 2 0 0 1
+1 4
+1 4
+4 4
+1 4 4

fl=(122)
fn=(494)
1272 6 6 0 1 0 0 1
-1 6
+1 24 6 0 0 6
cfn=(496) __printf_fp_l
calls=6 213 
* 12022 2630 1544 96 73 55 95 10

fn=(514) hack_digit
167 162 0 108 1 0 0 1
+3 270 108 0 1 0 0 1
+2 288 144
+2 48 0 0 1 0 0 1
+1 144
-1 48 48
+1 48 0 48
cfi=(127)
cfn=(506)
calls=48 32 
* 960 144 96
* 48 0 48
+32 288 144
-37 324 54 54 1 0 0 1
+37 30 18

fn=(496)
213 96 12 48 2 0 6 2
+50 6 6
-50 6 0 6
+41 6 0 6 0 0 5
+16 6 0 6
-7 6
+10 6
-10 12 0 0 1 0 0 1
+10 6
-10 6 0 6
+10 12
fi=(123) /build/glibc-kAz5Pl/glibc-2.27/stdio-common/../include/../locale/localeinfo.h
+36 6 6 0 0 4
fe=(122)
-15 6
fi=(123)
+15 12 6 6 0 1 6
fe=(122)
-33 12 6 6
+18 6
+8 6 0 6
-71 6 0 6 1 0 0 1
-1 6 0 6
383 18 6
+5 12 0 0 1 0 0 1
+40 6 6 0 1 0 0 1
+13 6 0 6
-13 36
+1 6
+1 12
+3 24
+1 12 0 0 1 0 0 1
+1 12
-2 6
+1 6
-1 6 0 6
+2 6
+7 6
-8 6 0 6
+1 6 0 6
+7 6
-50 102 18 12 2 12 4 2 2
cfi=(124)
cfn=(500)
calls=6 37 
* 120 6 24 2 0 6 2
* 30 0 6
1265 72 54 0 1 0 0 1
645 12 0 0 1 0 0 1
827 6 6 0 1 0 0 1
+10 12 12 0 0 1
-10 6 6
+10 12 12
-10 6 0 6
+10 18 6 6 0 6 0 0 1
+2 6
-2 6 0 6
+2 6
+10 12 6 0 1 0 0 1
+48 6 6 0 1 0 0 1
-61 6 0 6
+61 12
+14 24 6 0 1 0 0 1
+1 6 6
-1 12
+7 12 6 0 1 0 0 1
fi=(130) /build/glibc-kAz5Pl/glibc-2.27/stdio-common/../sysdeps/pthread/allocalim.h
27 12 0 6
cfi=(129)
cfn=(510)
calls=6 +1 
* 60 12 0 2 1 0 2
+2 12
fe=(122)
928 42 0 12 1 0 0 1
+4 6 6
-3 6 6
+3 6
-3 6
+3 18 6
+12 6 6 0 1 0 0 1
+13 6 0 6
-1 6
+2 18
+4 48 48
-1 48
+2 48 0 0 1 0 0 1
-1 48 0 48
cfn=(514)
calls=48 167 
* 2340 582 312 4 0 0 4
* 48 0 48
+3 138 14
-7 192 0 48
+1 12 6
+15 18 12 0 1 0 0 1
+1 18 6 12
cfn=(514)
calls=6 167 
* 318 78 42
+2 42 6
+2 6 2 0 1 0 0 1
+3 4 2
-4 2
fi=(131) /build/glibc-kAz5Pl/glibc-2.27/stdio-common/../sysdeps/generic/get-rounding-mode.h
94 2 0 2
+1 8 2
-1 4 0 4
+1 22 4
fe=(122)
1093 6 0 0 1 0 0 1
+7 4
+3 18 6 0 1 0 0 1
+13 18 6 0 1 0 0 1
+46 42 18 0 1 0 0 1
+2 36 6 0 1 0 0 1
+2 6
-2 6 0 6
+2 42 12
257 6 0 6 1 0 0 1
1169 12
+2 24 12 0 1 0 0 1
852 6 6 0 1 0 0 1
+2 6 0 6 1 0 0 1
-1 6 0 6
+10 6 0 6
-11 18 6 6 1 0 0 1
-1 6 0 6 1 0 0 1
+1 24 0 6
+3 18 6
fi=(131)
95 12 0 0 2 0 0 2
fi=(132) /build/glibc-kAz5Pl/glibc-2.27/stdio-common/../include/rounding-mode.h
-43 20
fe=(122)
999 16 4
+5 4 4
-1 4
+1 8
+2 10 0 10
-2 20 10
+3 10
-3 48 0 0 1 0 0 1
+5 12 4
+4 8 0 4
+11 8 4 0 1 0 0 1
+69 12
661 24 0 6 1 0 6 1
cfi=(125) /build/glibc-kAz5Pl/glibc-2.27/stdlib/../sysdeps/x86_64/lshift.S
cfn=(502) __mpn_lshift
calls=6 29 
* 90 12 6 2 0 4 2
+1 6 6
+4 6 6
-8 6 0 0 1 0 0 1
+8 6
-18 6 0 6
+38 6 0 6
-24 6
+4 6
-4 18 6 12
+52 6
-49 6 0 6
+1 6 0 6 1 0 0 1
+48 12 0 6
-25 18 12
+1 12 0 0 1 0 0 1
+3 12 6
+9 6 6
-8 12
-1 6
+2 6
+7 6
-7 6
-2 12 6
+2 6
-2 6
+2 12
+7 18
+22 18
+61 72
-2 72
+2 276
671 72 0 0 1 0 0 1
+2 144 72 0 1 26 0 1 5
+7 12 12
+1 18 12
+1 6 6
-2 18
+6 24 0 6 1 0 0 1
cfi=(126)
cfn=(504)
calls=6 48 
* 444 96 84 9 6 14 9 1
* 6
+5 18 0 6
+41 6
+1 12
-1 6
+1 12 0 6
+5 6
-6 6 0 6 1 0 0 1
+6 18
+3 18 6
+34 6 0 6 1 0 0 1
cfi=(128) /build/glibc-kAz5Pl/glibc-2.27/stdlib/../sysdeps/x86_64/rshift.S
cfn=(508) __mpn_rshift
calls=6 29 
* 102 18 12 3 0 0 3
+3 30 12 6
1173 12 0 0 1 0 0 1
+3 30 12 0 1 0 0 1
+9 6 6 0 1 0 0 1
+7 6 6
-7 12
+7 12 6
+5 12 6 6
cfi=(100)
cfn=(396)
calls=6 52 
* 114 12 0 2 1 0 1 1
* 6 6 0 0 1
+2 6 6
-2 6 0 6
+2 12
+5 12 12 0 1 0 0 1
+2 6 6
-2 12
+2 6
-2 6 0 6 1 0 0 1
+2 6
+11 36 6
+7 54 12 12 1 0 0 1
+3 108
+3 108 0 54
-6 180
+1 180 60
+1 24 12 6 1 0 0 1
cfi=(133) /build/glibc-kAz5Pl/glibc-2.27/string/../sysdeps/x86_64/multiarch/memmove-vec-unaligned-erms.S
cfn=(522) __mempcpy_avx_unaligned_erms
calls=6 204 
* 102 12 6 2 0 0 2
* 6 6 0 1 4 0 1
* 6
+2 12 12 0 1 0 0 1
+6 24 12
+17 30
473 6 6 0 1 0 0 1
1251 708 180 66 1 6 0 1
cfi=(102)
cfn=(452)
calls=60 217 
* 3000 780 360 0 4 4
* 120 0 0 1 0 0 1
987 2 0 0 1 0 0 1
-1 2
+1 20 6 0 1 0 0 1
765 18 0 0 1 0 0 1
1254 18 6 0 1 0 0 1
+7 18 12
1085 18 6 0 1 0 0 1
950 6 6 0 1 0 0 1
+2 6 6
-1 6 0 6
831 6 0 6
950 6 0 6
+2 18 0 6 1 0 0 1
-88 18 0 6 1 0 0 1
-77 18 6 0 1 0 0 1
+22 24 6 6 1 0 0 1
1200 12 0 6 1 0 0 1
742 18 0 0 1 0 0 1
+7 6
+3 30 6 0 1 0 0 1

fl=(133)
fn=(522)
204 35 0 0 1 0 0 1
+1 35
+1 35
+13 35
+1 35
+44 35 0 0 1 0 0 1
+1 35
+2 31
+1 31
+1 24
+1 24
+1 18
+1 18
+1 18
+1 18 18
+1 18 0 18
+2 18 18
+14 4 4
+1 4 4
+1 4 0 4
+1 4 0 4
+1 4 4
+4 7 7
+1 7 7
+1 7 0 7
+1 7 0 7
+1 7 7
+3 6 6 0 1 0 0 1
+1 6 6
+1 6 0 6
+1 6 0 6
+1 6 6

fl=(97) /build/glibc-kAz5Pl/glibc-2.27/stdlib/random.c
fn=(384) random
288 1536 0 0 1 0 0 1
+3 1536
-3 4608 1536 1536
+3 6144 1536 1536 1 0 1 1 0 1
+2 4608 0 1536
cfi=(98)
cfn=(386)
calls=1536 +64 
* 41374 12288 6144 2 3 0 2 2
+2 6144 1536 1536 1 0 0 1
+3 3072 3072
-1 1536 1536
+1 4608 1536 0 1 0 0 1

fl=(64) /build/glibc-kAz5Pl/glibc-2.27/wcsmbs/../sysdeps/x86_64/multiarch/ifunc-avx2.h
fn=(222) wmemchr
32 2 2 0 1 0 0 1
-2 2
+2 4 2 0 1 0 0 1
-2 6
fi=(151) /build/glibc-kAz5Pl/glibc-2.27/wcsmbs/../sysdeps/x86_64/multiarch/wmemchr.c
+1 2 2
fe=(64)

fn=(236) wcschr
32 2 2 0 1 0 0 1
-2 2
+2 4 2 0 1 0 0 1
-2 6
fi=(152) /build/glibc-kAz5Pl/glibc-2.27/wcsmbs/../sysdeps/x86_64/multiarch/wcschr.c
+1 2 2
fe=(64)

fn=(268) wcslen
32 1 1 0 1 0 0 1
-2 1
+2 2 1 0 1 0 0 1
-2 3
fi=(153) /build/glibc-kAz5Pl/glibc-2.27/wcsmbs/../sysdeps/x86_64/multiarch/wcslen.c
-1 1 1
fe=(64)

fl=(67) /build/glibc-kAz5Pl/glibc-2.27/string/../sysdeps/x86_64/multiarch/strncmp.c
fn=(230) strncmp
38 4 2 0 1 0 0 1
+1 3 1
+9 1 1

fl=(74) /build/glibc-kAz5Pl/glibc-2.27/string/../sysdeps/x86_64/multiarch/strchr.c
fn=(256) index
40 2 2
-2 1
+2 2
-2 2
+11 1 1

fl=(125)
fn=(502)
29 6 0 0 1 0 0 1
+1 6
+2 6
+1 6
+1 6
+12 6 0 0 1 0 0 1
+1 6
+1 6 6
+1 6
+1 6
+1 6
+1 6
+6 6
+1 6 0 6 0 0 4
+1 6 6

fl=(80) /build/glibc-kAz5Pl/glibc-2.27/csu/../csu/init-first.c
fn=(314) _init
52 8 0 4 1 0 0 1
+3 3 1 0 0 1
+14 1 1 0 1 1 0 1
fi=(81) /build/glibc-kAz5Pl/glibc-2.27/csu/../sysdeps/generic/dl-hash.h
-25 1
fe=(80)
+23 1 0 1 0 0 1 0 0 1
+1 1 0 1
fi=(81)
-23 1
fe=(80)
+24 1 0 1 0 0 1 0 0 1
fi=(82) /build/glibc-kAz5Pl/glibc-2.27/csu/../sysdeps/unix/sysv/linux/x86_64/init-first.c
-33 4 0 2 1 0 0 1
fi=(81)
+7 1
+5 3
+14 4
-17 3 1
+3 9
+14 12
-17 9 3
+22 1
fi=(82)
-31 2
+2 2 0 0 1 0 0 1
-2 1 0 1
+2 2 0 1
cfi=(63)
cfn=(218)
calls=1 -13 
* 17 6 1
+2 1
+4 1
-4 1
+4 1
-4 1
+1 2 1
+1 1 0 1 1 0 1 1 0 1
+2 1 0 1
cfi=(63)
cfn=(218)
calls=1 -19 
* 17 6 1
fe=(80)
+37 3
fi=(82)
-36 2 1
+1 1 0 1
fe=(80)
+35 1 0 1
cfi=(83)
cfn=(320)
calls=1 -50 
* 52 10 5 7 2 1 7
+3 1 0 1
cfi=(85) /build/glibc-kAz5Pl/glibc-2.27/ctype/ctype-info.c
cfn=(326) __ctype_init
calls=1 -53 
* 16 10 3 2 2 0 2
+5 6 5
-27 1 1 0 1 0 0 1
-7 1 0 1
+7 4 3

fl=(110) /build/glibc-kAz5Pl/glibc-2.27/malloc/morecore.c
fn=(440) __default_morecore
46 2 0 0 1 0 0 1
+1 2 0 2
cfi=(111)
cfn=(442)
calls=2 -15 
* 72 18 10 5 3 0 5
+2 6
+3 4 2

fl=(135)
fn=(538) __run_exit_handlers
40 9 0 6 1 0 0 1
+5 1
-5 1 0 1
+5 2
+11 14 2 2 1 0 1 1
+3 2 2 0 0 1
+2 5
+16 2
+35 6 1 1 1 0 0 1
+2 2 1
-44 6 2 0 1 1 0 1
+2 1
+1 1 1
-1 1 0 1
+4 4 1 1 1 0 0 1
+1 6 1
+29 1 1 0 1 0 0 1
-3 1 0 1
+5 1
-2 2 1
+2 2 1 1
cob=(1) /lib/x86_64-linux-gnu/ld-2.27.so
cfi=(137) /build/glibc-kAz5Pl/glibc-2.27/elf/dl-fini.c
cfn=(542) _dl_fini
calls=1 -78 
* 722 200 107 43 32 6 24 2
+1 1
+11 1 1 0 1 0 0 1
+1 1
-1 1 0 1
+1 1
+5 4 1 1
-73 1 0 0 1 0 0 1
+12 1 0 1 0 0 1
+1 4 1 1
+63 2 1 0 1 0 0 1
+1 11 1 1 0 1
cfi=(102)
cfn=(584) _IO_cleanup
calls=1 918 
* 343 92 79 35 7 0 35 4
* 3
+2 2 0 1
cfi=(140)
cfn=(598)
calls=1 27 
* 8 1 0 1 0 0 1
-86 1 0 1
cfi=(136)
cfn=(540)
calls=1 +99 
* 11 5 2 2 1 0 2
* 1

fn=(536)
139 1 0 0 1 0 0 1
-1 1
+1 3 0 1
cfn=(538)
calls=1 -99 
* 1189 317 209 90 43 8 71 6

fl=(138) /build/glibc-kAz5Pl/glibc-2.27/stdlib/cxa_finalize.c
fn=(552) __cxa_finalize
30 4 0 4 1
+3 2
-3 10 0 8 1 0 0 1
+3 2
-3 2
+3 10 2 2
+3 6 2 0 1 0 0 1
+4 14 2
-4 6 2 0 2 0 0 2
+58 10 2
+4 12 2 0 0 1 0 0 1
-4 6 2 0 1 0 0 1
+12 4 0 0 1 0 0 1
+1 4 0 2
cfi=(139)
cfn=(554)
calls=2 -79 
* 32 14 6 2 1 0 2 1
+2 8 2 2
+1 16 14 0 1 0 0 1

fl=(61) /build/glibc-kAz5Pl/glibc-2.27/time/../sysdeps/unix/sysv/linux/x86/time.c
fn=(214) time
43 2 0 0 1 0 0 1
fi=(62)
+1 1 0 0 1 0 0 1
+1 1
fe=(61)
-2 4 0 2
fi=(62)
+5 3
+14 4
-17 3 1 0 1 1 0 1 1
+3 9
+14 12
-17 9 3
+22 1
fe=(61)
-24 6 0 2
cfi=(63)
cfn=(218)
calls=1 -18 
* 17 6 1 3 2 0 3
* 5 1

fl=(65) /build/glibc-kAz5Pl/glibc-2.27/string/../sysdeps/x86_64/multiarch/ifunc-memcmp.h
fn=(226) bcmp
33 5 3 0 1 0 0 1
-1 2
+2 2
+1 3
fi=(66) /build/glibc-kAz5Pl/glibc-2.27/string/../sysdeps/x86_64/multiarch/memcmp.c
-6 1 1
fe=(65)

fl=(115) /build/glibc-kAz5Pl/glibc-2.27/time/../sysdeps/unix/sysv/linux/clock.c
fn=(468) clock
25 12 0 0 1 0 0 1
+9 24
-9 36 12 12 0 4
+9 12 0 12
cfi=(116)
cfn=(470)
calls=12 +59 
* 240 72 36 3 5 0 3
* 36
+4 24 12
-1 12 12 0 1 0 0 1
+1 72
+1 72 36

fl=(117)
fn=(472)
59 24 0 0 1 0 0 1
+1 12 12

fl=(105) /build/glibc-kAz5Pl/glibc-2.27/malloc/malloc.c
fn=(434) tcache_init.part.5
2986 1 1 0 1 0 0 1
-9 1 0 1
+9 9 2 1 1 1 0 1
+1 3 0 1
cfn=(436) _int_malloc
calls=1 3521 
* 389 74 60 44 8 2 44 2 2
+1 1
-1 1
+1 1 0 0 1 0 0 1
+8 4 1 1
+7 2
+2 1 1
+1 2
-1 1 0 1 1 0 0 1
+1 78 0 73 0 0 8 0 0 8
+3 2 2

fn=(412) malloc
3028 3 0 2 1 0 0 1
+5 2 2 0 0 1
+1 2
+1 1 1 0 1 0 0 1
+46 3 2
-46 1
cfi=(106) /build/glibc-kAz5Pl/glibc-2.27/malloc/hooks.c
cfn=(414) malloc_hook_ini
calls=1 30 
* 63171 15089 783 87 1189 82 84 903 45

fn=(413) malloc'2
3028 3 0 2
+5 2 2 0 0 2
+1 2
+5 7 0 0 1 0 0 1
+3 1 1
-2 3
+2 3 1 0 0 1
+13 4 1 0 1 0 0 1
+2 3 0 1
cfn=(436)
calls=1 3521 
* 158 23 26 4 0 1 4 0 1
+1 1
-1 1
+1 6 1
-19 4 0 0 2 0 0 2
-56 5 2 2 0 1
cfn=(434)
calls=1 +3 
* 496 81 138 48 9 10 48 2 10
+62 3 2
+2 5 1 0 1 0 0 1
+1 3 1
+33 5 3

fn=(438) sysmalloc
2274 8 0 6 1 0 0 1
+20 1 1
+11 1
-11 1 1
+11 1
+1 4 1 0 1 1 0 1 1
fi=(107) /build/glibc-kAz5Pl/glibc-2.27/malloc/arena.c
535 1
fe=(105)
2321 2
fi=(107)
535 1
fe=(105)
2321 2 0 1
+66 1 1
+1 3 1
+10 1
-9 1
+9 3
+6 4 0 1 1 0 0 1
+3 3
2724 2 1 0 1 0 0 1
+1 1 0 1
+5 2 1 0 1 0 0 1
+3 2 1
+5 1
-3 1
+3 1
-2 1
+2 3
+1 1
-1 1
-1 1 0 1
+4 1
-3 2 0 1
+1 1 0 1 1 0 1 1 0 1
+2 1
+6 9 7 0 1 0 0 1
2460 3 1 0 1 0 0 1
+19 2
-11 1 1
+11 1 0 1
-11 1 0 0 1 0 0 1
+21 4 2 2 0 2
cfi=(110)
cfn=(440)
calls=1 46 
* 61 12 8 6 2 0 6
+4 1
-4 1
+4 2 1
+3 4 2 0 1 0 0 1
+1 2
+46 2 1
+2 2 1
+6 1
-6 1 0 1
+6 1
-82 1 0 0 1 0 0 1
+10 2
+8 1
-8 1 0 1
+8 1
+67 4 1 0 1 0 0 1
+34 2
+6 3
+22 2 0 0 1 0 0 1
+1 5 1
+2 1
-2 1
+2 1
+1 4 2 2
cfi=(110)
cfn=(440)
calls=1 46 
* 25 8 4 0 1
+12 3 1 0 1 0 0 1
+48 1
+1 1
-2 1 0 1 1 0 0 1
+1 2
+12 1
-12 1 0 1 0 0 1 0 0 1
+1 1 0 1
+11 1
2544 2 0 1 1 0 0 1
-3 3 0 0 1 0 0 1
+99 2 2 0 1 0 0 1
+1 4 1 0 1 0 0 1

fn=(436)
3521 12 0 12 1 0 0 1
+32 2
-32 2
+32 18
+4 12 0 2 1 0 0 1
+24 4 2
+58 5 0 0 1 0 0 1
+62 32 0 10 2 0 0 2
+1 3 1
+20 2 2 0 1 0 0 1
-1 4
+1 2 2
-1 2
+1 4
-2 5 1 1
+6 3 0 2
+66 1 1
-40 2
3879 1 1
3731 1
+1 1
+20 2 0 2
+40 2 1 1
-60 2
-12 1 0 0 1 0 0 1
+6 3 0 2
+66 1 1 0 0 1
-40 2
3879 1 1
3731 1
+1 1
+20 2 0 2
+40 2 1 1 1 0 0 1
-60 2
4131 18 14 0 1 0 0 1
3642 3 0 0 1 0 0 1
+2 1 1
-2 1
+2 2
3904 4 0 0 1 0 0 1
+2 4 1
+3 1 1
-3 1
+3 2
+68 4 2
+1 4
+3 2 0 0 1 0 0 1
-2 2
+2 2
-2 2
+1 4 2
+6 4
3703 20 0 5 2 0 0 2
-62 13 0 5 1 0 0 1
+79 2 0 1 1 0 0 1
3993 12 3
-3 15 0 0 1 0 0 1
4090 2 2
+3 2
-2 4 2
+2 5 0 1
+17 3 1 0 1 0 0 1
3893 4 0 0 1 0 0 1
1887 1 1 0 1 0 0 1
4103 1
1887 2
4125 3 0 1 1 0 0 1
cfn=(438)
calls=1 2274 
* 236 52 35 25 6 2 25 1 2
+1 1
-1 1
+1 1
1887 3 1 0 1 1 0 1 1
4098 1
-3 1
+3 1
-2 1
+2 3
+2 1
-2 2
-1 1 0 1
+1 2 0 1
+2 2 0 1 1 0 1 1 0 1

fn=(428) malloc_init_state
1809 4 0 0 1 0 0 1
+8 3 0 2 0 0 1 0 0 1
-3 2
+3 378 0 252 0 0 32 0 0 31
-3 252
+7 3
+5 1 0 1 0 0 1 0 0 1
+2 1 0 1
+1 1 1
-4 2 0 1 1 0 1 1 0 1

fl=(56) /build/glibc-kAz5Pl/glibc-2.27/string/../sysdeps/x86_64/multiarch/ifunc-memmove.h
fn=(224) mempcpy
44 5 2 0 1 0 0 1
+4 2
-1 2
+12 2 0 0 1 0 0 1
+2 5 2 0 1 0 0 1

fn=(248) memcpy@@GLIBC_2.14
44 5 2 0 1 0 0 1
+4 2
-1 2
+12 2 0 0 1 0 0 1
+2 5 2 0 1 0 0 1

fn=(202) memmove
44 10 4 0 1 1 0 1
+4 4 0 0 1 0 0 1
-1 4
+12 4
+2 10 4 0 1 1 0 1

fl=(72) /build/glibc-kAz5Pl/glibc-2.27/wcsmbs/../sysdeps/x86_64/multiarch/wcsnlen.c
fn=(250) wcsnlen
40 1 1 0 1 0 0 1
-2 1
+2 2 1
-2 2
+11 1 1 0 1 0 0 1

fl=(108) /build/glibc-kAz5Pl/glibc-2.27/elf/dl-addr.c
fn=(418) _dl_addr
126 9 0 6 1 0 0 1
+2 1
-2 1
+5 1 1 0 1 0 0 1
-5 1 0 1
+5 2 1 1 0 1
cob=(1)
cfi=(2) /build/glibc-kAz5Pl/glibc-2.27/elf/rtld.c
cfn=(52) rtld_lock_default_lock_recursive
calls=1 784 
* 2 1 1 0 0 1
+2 2 0 1
cob=(1)
cfi=(94) /build/glibc-kAz5Pl/glibc-2.27/elf/../sysdeps/x86_64/dl-trampoline.h
cfn=(377) _dl_runtime_resolve_xsave'2
calls=1 -62 
* 1151 347 153 5 15 8 5 3
* 5 3 2 2 1 0 1
+2 3
30 1 1
+1 1 1
-1 1 0 1
+1 1 0 1
+3 2 1 0 1 0 0 1
+5 1 1
+6 1 1 0 0 1
-7 1 1
+2 3 2 1
+2 3 2 1
+3 1
+5 7 2 0 1 0 0 1
-6 2
+6 4043
+2 1010 1010 0 0 60 0 0 18
+1 2020
-1 1 1
+1 2
+2 3664 916 0 1 0 0 1
+9 2052 656 0 0 90 0 0 77
+7 28
-2 28
+2 2353 28 0 0 1 0 0 1
-2 2297
+2 6003 2297 0 0 141 0 0 85
-10 11625 2325 0 1 492 0 1 451
+2 9300 2325
+1 14806 4644 0 0 288 0 0 263
+36 2 0 0 1 0 0 1
+1 1 0 1 0 0 1
+1 3 1 0 0 1
+3 2 0 0 1 0 0 1
+36 2 1 1 0 1
cob=(1)
cfi=(2)
cfn=(54) rtld_lock_default_unlock_recursive
calls=1 790 
* 2 1 1 0 0 1
+3 9 7 0 0 1
-27 1 0 1 1 0 0 1
+1 1 0 1
+20 2

fl=(70) /build/glibc-kAz5Pl/glibc-2.27/string/../sysdeps/x86_64/multiarch/ifunc-sse4_2.h
fn=(270) strspn
30 5 2 0 1 0 0 1
fi=(154) /build/glibc-kAz5Pl/glibc-2.27/string/../sysdeps/x86_64/multiarch/strspn.c
-1 1 1
fe=(70)

fn=(254) strpbrk
30 5 2 0 1 0 0 1
fi=(155) /build/glibc-kAz5Pl/glibc-2.27/string/../sysdeps/x86_64/multiarch/strpbrk.c
-1 1 1
fe=(70)

fn=(240) strcspn
30 5 2 0 1 0 0 1
fi=(156) /build/glibc-kAz5Pl/glibc-2.27/string/../sysdeps/x86_64/multiarch/strcspn.c
-1 1 1
fe=(70)

fl=(96) /build/glibc-kAz5Pl/glibc-2.27/stdlib/rand.c
fn=(382) rand
26 1536 0 0 1 0 0 1
+1 1536 0 1536
cfi=(97)
cfn=(384)
calls=1536 288 
* 75166 23040 12288 6 3 1 6 2 1
+1 3072 1536

fl=(101)
fn=(596) _IO_file_sync@@GLIBC_2.2.5
807 4 0 2 1 0 0 1
+5 4 2 0 1 0 0 1
+2 1 1
+1 2 1 0 1 0 0 1
+15 2 0 1 1 0 0 1
+4 4 3

fn=(448) _IO_do_write@@GLIBC_2.2.5
433 39 0 0 1 0 0 1
+1 1 1
-3 36 0 18 1 0 0 1
+2 18 0 18
cfn=(454) new_do_write
calls=18 +7 
* 1800 468 324 8 6 0 8
* 72
+1 36 36

fn=(400) _IO_file_overflow@@GLIBC_2.2.5
747 276 92 0 1 0 0 1
+7 92
-8 552 92 276
+8 365 91
+35 182
+3 158 79
+3 237 0 158 0 0 4
+1 237 79
+1 395
+5 316 316
-45 2 0 0 1 0 0 1
+12 2 0 0 1 0 0 1
+9 4 2
+5 2 0 2
+3 1 1 0 0 1
-4 1 0 1
+3 2
-5 1 0 1
+1 1 0 1
+4 1 0 1
+1 4 0 0 1 0 0 1
+3 1
-2 1 0 1
+2 1
+2 13 13
-1 13
+12 39 39
-11 13
-1 13
cfn=(448)
calls=13 433 
* 1336 337 240 1 4 0 1
+9 12 12
-1 6
+1 6
-1 6 0 6 1 0 0 1
cfn=(448)
calls=6 433 
* 666 168 120 9 2 0 9
* 12
-39 2 0 1 1 0 0 1
cfi=(102)
cfn=(402) _IO_doallocbuf
calls=1 362 
* 63304 15122 801 102 1195 83 99 903 45
+1 6 2 3

fn=(406)
1169 1 0 0 1 0 0 1
+1 3 1
cfi=(104)
cfn=(408)
calls=1 34 
* 10 1 0 1 0 0 1

fn=(454)
440 288 18 108 1 0 0 1
+2 36 18
fi=(113)
873 36 0 0 1 0 0 1
fe=(101)
457 72 18 18 0 5
cfn=(458) _IO_file_write@@GLIBC_2.2.5
calls=18 1196 
* 810 180 90 3 1 0 3
+1 18
-1 18
+1 72 18
+6 18 18
-4 18 18
+4 18
-4 54 0 54
+1 36 0 36
+3 18
-2 18 0 18
+4 162 126
-17 72 36 0 2 0 0 2
+14 36 18 0 1 0 0 1

fn=(592) _IO_file_setbuf@@GLIBC_2.2.5
389 2 0 1 1 0 0 1
+1 1 0 1
cfi=(102)
cfn=(594) _IO_default_setbuf
calls=1 +89 
* 68 16 18 8 0 0 8
* 2
+4 2 1 1 1 0 0 1
-1 2 0 2
+2 3 0 3
+2 1
+1 2 2

fn=(458)
1196 108 0 72
+2 108
+5 18 0 18
cfi=(114)
cfn=(460)
calls=18 27 
* 162 36 0 1 0 0 1
+1 36
+5 18
+1 18
-12 36
+5 90 36 0 1 1 0 1
+10 54 18
+3 162 90 0 1 0 0 1

fn=(398)
1220 144 0 144 1 0 6 1
+7 36
-7 108 0 72
+6 162
+7 150 60 0 0 1 0 0 1
+17 3 1
+4 34
+4 17
+2 51
-1 17
+1 17
-2 17 0 17
cfi=(133)
cfn=(522)
calls=17 204 
* 242 51 34 1 0 0 1
* 17 17
-4 12
+4 12
+2 36
-1 12
+1 12
-2 12 0 12
cfi=(133)
cfn=(522)
calls=12 204 
* 204 24 12
* 12 12
* 29 0 29
+4 58
+18 34
+10 324 252 0 1 1 0 1
-40 1 0 0 1 0 0 1
+16 1 1
fi=(113)
870 3
+2 2
+1 2
fe=(101)
1266 12 12
fi=(113)
870 36
+2 24
+1 24
fe=(101)
1266 39 13 13 0 1
cfn=(400)
calls=13 747 
* 64966 15554 1091 108 1200 83 105 903 45
* 26 0 0 1 0 0 1
+6 26 26
+1 91
+2 26
+11 39
+1 4 0 1 1 0 0 1
cfi=(102)
cfn=(450) _IO_default_xsputn
calls=1 392 
* 708 191 84 5 2 0 5
* 3
-52 58 29
+1 58
+3 87
+2 585 191 0 1 0 0 1
-2 375
+4 12 0 0 1 0 0 1
+11 60 0 0 1 0 0 1

fl=(107)
fn=(416) ptmalloc_init.part.0
289 2 0 1 1 0 0 1
+5 1 0 1
-5 3 1 1
+13 2 1
+6 2 1 0 1 1 0 1
+5 1
-5 1 0 1 0 0 1
+2 1 0 1
cfi=(105)
cfn=(428)
calls=1 1809 
* 647 1 257 2 0 35 2 0 34
+3 4 0 1
cob=(1)
cfi=(94)
cfn=(377)
calls=1 71 
* 1062 325 150 2 64 23 0 2
* 5 3 2 1 2 0 1
+1 4 0 1 1 0 0 1
cob=(1)
cfi=(9) /build/glibc-kAz5Pl/glibc-2.27/elf/dl-tunables.c
cfn=(26) __tunable_get_val
calls=1 +59 
* 18 4 1 0 1
* 1 1
+1 4 0 1
cob=(1)
cfi=(9)
cfn=(26)
calls=1 +58 
* 19 4 1 0 2
* 1 1
+1 4 0 1
cob=(1)
cfi=(9)
cfn=(26)
calls=1 +57 
* 18 4 1 0 1
* 1 1
+1 4 0 1 1 0 0 1
cob=(1)
cfi=(9)
cfn=(26)
calls=1 +56 
* 18 4 1 0 1
* 1 1
+1 4 0 1
cob=(1)
cfi=(9)
cfn=(26)
calls=1 +55 
* 19 4 1 0 1
* 1 1
+1 4 0 1
cob=(1)
cfi=(9)
cfn=(26)
calls=1 +54 
* 18 4 1 0 1
* 1 1
+1 4 0 1 1 0 0 1
cob=(1)
cfi=(9)
cfn=(26)
calls=1 +53 
* 18 4 1 0 2
* 1 1
+2 4 0 1
cob=(1)
cfi=(9)
cfn=(26)
calls=1 +51 
* 18 4 1 0 1
* 1 1
+1 4 0 1
cob=(1)
cfi=(9)
cfn=(26)
calls=1 +50 
* 18 4 1
* 1 1
+1 4 0 1 1 0 0 1
cob=(1)
cfi=(9)
cfn=(26)
calls=1 +49 
* 18 4 1 0 2
* 1 1
+71 2 2 0 0 2
+1 2
+4 2 2 0 0 1
-1 1 0 1 0 0 1
+1 4 2
-97 5 0 1 1 0 0 1
cfi=(108)
cfn=(418)
calls=1 126 
* 60460 14577 174 16 1093 11 15 898
* 2
+1 4 2

fl=(57) /build/glibc-kAz5Pl/glibc-2.27/string/../sysdeps/x86_64/multiarch/ifunc-unaligned-ssse3.h
fn=(204) strncpy
33 4 2 0 1 0 0 1
+3 4 1
fi=(157) /build/glibc-kAz5Pl/glibc-2.27/string/../sysdeps/x86_64/multiarch/strncpy.c
-7 1 1
fe=(57)

fn=(274) stpcpy
33 4 2 0 1 0 0 1
+3 4 1
fi=(158) /build/glibc-kAz5Pl/glibc-2.27/string/../sysdeps/x86_64/multiarch/stpcpy.c
-3 1 1
fe=(57)

fn=(246) strcpy
33 4 2 0 1 0 0 1
+3 4 1
fi=(159) /build/glibc-kAz5Pl/glibc-2.27/string/../sysdeps/x86_64/multiarch/strcpy.c
-7 1 1
fe=(57)

fn=(272) stpncpy
33 4 2 0 1 0 0 1
+3 4 1
fi=(160) /build/glibc-kAz5Pl/glibc-2.27/string/../sysdeps/x86_64/multiarch/stpncpy.c
-5 1 1
fe=(57)

fn=(210) strcat
33 4 2 0 1 0 0 1
+3 4 1 0 1 0 0 1
fi=(161) /build/glibc-kAz5Pl/glibc-2.27/string/../sysdeps/x86_64/multiarch/strcat.c
-7 1 1
fe=(57)

fl=(128)
fn=(508)
29 6 0 0 1 0 0 1
+1 6
+1 6
+13 6 0 0 1 0 0 1
+1 6
+16 6 0 0 1 0 0 1
+1 6 6
+1 6 6
+1 6
+1 6
+1 6
+1 6
+5 6
+1 6 0 6
+1 6
+1 6 0 6
+1 6 6

fl=(91)
fn=(362)
30 1 0 0 1 0 0 1
+2 1
cfi=(92)
cfn=(364)
calls=1 -6 
* 26 6 10 2 0 0 2

fl=(102)
fn=(450)
392 2 0 0 1 0 0 1
-3 5 0 4 1 0 0 1
fi=(113)
870 1
fe=(102)
389 1 0 1
fi=(113)
870 1
fe=(102)
389 5 0 1
fi=(113)
870 2
fe=(102)
417 41 13
fi=(113)
872 26
+1 26
fe=(102)
417 52 26 13 0 2
cfi=(101)
cfn=(400)
calls=13 747 
* 429 117 65
* 26
+2 13
-2 13
-20 56 28 0 1 0 0 1
+25 1 0 0 1 0 0 1
-29 1
+29 7 7 0 1 0 0 1

fn=(446)
347 3 0 1 1 0 0 1
+1 4 2 0 1 2 0 1
+3 1 0 1
+2 4
-3 1 0 1
+3 2 0 1
+3 3 2

fn=(402)
362 2 1 0 1 0 0 1
-1 3 0 3
+3 4 1
+4 4 4 0 0 1
-3 1 1 0 1 0 0 1
fi=(113)
870 3
+2 2
+1 2 0 0 1 0 0 1
fe=(102)
365 2 1 1 0 1
cfi=(103)
cfn=(404)
calls=1 78 
* 63279 15114 797 99 1193 83 96 903 45
* 2

fn=(586) _IO_flush_all_lockp
749 11 1 7 1 0 0 1
+5 4 1 1 1 0 0 1
+1 11 4 2 2 1 0 2 1
+3 1 1 0 0 1
-8 1
+5 1
+3 1
-3 1 0 1
+3 1
fi=(113)
870 2
fe=(102)
762 1 1
fi=(113)
870 2
fe=(102)
-98 6 0 0 2 0 0 2
-14 3 3 0 0 2 0 0 1
+16 3 0 3
-16 6
+3 3 0 0 1 0 0 1
-1 3 0 3
+1 3
+3 22 10 0 1 3 0 1 2
+14 9 1 3 1 0 0 1
+1 3 1 0 1 0 0 1
+4 12 9
-29 4 0 2 1 0 0 1

fn=(584)
918 2 0 2 1 0 0 1
+3 1
-3 8 1 5
+3 1 0 1
cfn=(586)
calls=1 749 
* 114 32 22 11 7 0 11 4
-72 1 1
+72 1 0 1
-72 2 0 0 1 0 0 1
+1 11 4 2 2 0 0 2
+3 1 1
-3 1
+3 1
-3 1 0 1
+3 1
fi=(113)
+17 2
fe=(102)
-7 1 1
fi=(113)
+7 2
fe=(102)
+23 3 0 3
-40 9 3
+2 9 3 0 1 0 0 1
+2 6 2
+6 12 3 1 1 0 0 1
+8 2 1 0 1 0 0 1
+9 1 1
fi=(113)
-8 2
+1 2
fe=(102)
+7 4 1 1
cfi=(101)
cfn=(592)
calls=1 389 
* 83 19 26 10 0 0 10
+2 3 1
+4 5 1 0 1 0 0 1
+1 9 2 3 1 0 0 1
+10 9 1 3 1 0 0 1
+1 2
+35 12 10 0 1 0 0 1
-62 3 1 0 1 0 0 1
+2 2 0 1
+2 1 1
+1 1 0 1
-1 1 0 1
+2 3 1 1
-28 4 0 2 1 0 0 1
+14 4 1 2 1 0 0 1

fn=(594)
479 2 0 2 1 0 0 1
fi=(113)
870 1
fe=(102)
479 3 0 2
fi=(113)
870 1
fe=(102)
479 3
+1 1 1
fi=(113)
870 1
+2 2
+1 2
fe=(102)
480 2 1 1 1 0 0 1
cfi=(101)
cfn=(596)
calls=1 807 
* 17 7 3 4 0 0 4
* 3 1
+2 2 1
+7 1
-7 1
+10 2 0 2 1 0 0 1
+2 1
-2 1 0 1
+1 3 0 3
+2 6 5
-11 1 0 0 1 0 0 1
348 1
485 1
-1 1 0 1
+1 1
348 3
+7 1
-5 1 0 1
+1 1 0 1
+4 2 0 1

fn=(452)
217 132 0 66 1 0 0 1
+2 198 66
+2 66 66
fi=(113)
870 198 0 0 1 0 0 1
+2 132
+1 132
fe=(102)
221 66 66 0 0 4
+1 132 66
-1 66
cfi=(101)
cfn=(400)
calls=66 747 
* 2886 774 456 10 2 4 10

fl=(121)
fn=(492)
73 6 6 0 1 0 0 1
+6 6
+6 6
-12 18 6
+2 36 6 6 1 0 0 1
+18 6 6

fl=(68) /build/glibc-kAz5Pl/glibc-2.27/string/../sysdeps/x86_64/multiarch/strcmp.c
fn=(232) strcmp
38 4 2 0 1 0 0 1
+3 4 1
+6 1 1

fl=(106)
fn=(414)
30 2 1 1 1 0 0 1
fi=(107)
291 3 1 0 1 1 0 1 1
fe=(106)
29 3 0 2
cfi=(107)
cfn=(416)
calls=1 289 
* 62445 14967 611 28 1175 71 25 900 34
* 1 1
+4 1
-1 1
cfi=(105)
cfn=(413)
calls=1 3028 
* 715 119 169 57 13 11 57 2 11

fl=(85)
fn=(326)
31 5 5 0 2 2 0 2
+2 1 1
+2 1 1
-4 1
+4 1
-4 1 0 1
+2 3 1 1
+2 2 1 1
+1 1 1

ob=(5)
fl=(88)
fn=(534) karatsuba_old_optim2
0 2002 987 417 15 64 0 15
cfn=(528) karatsuba_old
calls=1 0 
0 340916 68916 34248 0 0 72
0 7 3 1 1 0 0 1
cfn=(528)
calls=1 0 
0 340916 68916 34248 0 0 18
0 1655 887 301 11 0 0 11
cfn=(528)
calls=1 0 
0 340916 68916 34248 0 55
0 2241 1083 589 12 0 0 12

fn=(338) _start
0 11 2 3 2 0 0 2
cob=(3)
cfi=(89)
cfn=(340)
calls=1 137 
0 8958047 1828375 716940 678 2172 964 644 945 599

fn=(348)
0 15 0 7 2 0 0 2
cob=(2)
cfi=(18)
cfn=(350) 0x00000000001086d8
calls=1 0 
0 6 2 0 1
0 8 1 1
cfn=(354) 0x0000000000000cb0
calls=1 0 
0 17 3 1 4 0 0 4
0 11 7 0 1 0 0 1

fn=(532) karatsuba_old_optim
0 2082 1077 416 15 64 0 15
cfn=(528)
calls=1 0 
0 340916 68916 34248 0 0 72
0 7 2 1 1 0 0 1
cfn=(528)
calls=1 0 
0 340916 68916 34248 0 0 18
0 1643 886 297 10 0 0 10
cfn=(528)
calls=1 0 
0 340916 68916 34248 0 55
0 2228 1083 579 12 0 0 12

fn=(558) 0x0000000000000be0
0 9 2 1 2

fn=(354)
0 17 3 1 4 0 0 4

fn=(368)
0 10 0 5 1 0 0 1
cob=(1)
cfi=(94)
cfn=(376) _dl_runtime_resolve_xsave
calls=1 71 
0 912 286 148 21 9 9 20 6 4
0 5 3 2 1 0 0 1
0 767 0 767
cob=(3)
cfi=(96)
cfn=(382)
calls=767 26 
0 40604 12272 6903 0 1 0 0 1
0 767 767
0 8448 0 1536 1 0 97 1 0 97
cob=(3)
cfi=(96)
cfn=(382)
calls=768 26 
0 40653 12288 6912
0 768 768
0 9987 0 769 1 0 97 1 0 97
cob=(1)
cfi=(94)
cfn=(376)
calls=1 71 
0 65204 15677 1087 141 1223 83 138 911 45
0 5 3 2 1 0 0 1
0 1 0 1
cob=(1)
cfi=(94)
cfn=(376)
calls=1 71 
0 881 280 144 6 21 4 5 1
0 5 3 2 0 1
0 8 0 1 1 0 0 1
cfn=(474) karatsuba_768
calls=1 0 
0 1123971 244659 76269 72 194 227 72 0 227
0 1 0 1
cob=(3)
cfi=(115)
cfn=(468)
calls=1 25 
0 45 12 5 0 2
0 1 1
0 9 1 1 0 1 0 0 1
cob=(1)
cfi=(94)
cfn=(376)
calls=1 71 
0 3523 860 518 143 76 14 142 16
0 5 3 2
0 3846 768 1 1 0 0 1
cob=(3)
cfi=(118)
cfn=(484)
calls=1 28 
0 933 196 131 24 1 0 24 1
0 1 1
0 2 0 1
cob=(3)
cfi=(99)
cfn=(392)
calls=1 33 
0 390 95 50 4
0 1 1
0 1 0 1
cob=(3)
cfi=(115)
cfn=(468)
calls=1 25 
0 45 12 5
0 1 1
0 7 0 1 1 0 0 1
cfn=(528)
calls=1 0 
0 1028708 209796 104037 50 140 164 50 0 128
0 1 0 1
cob=(3)
cfi=(115)
cfn=(468)
calls=1 25 
0 45 12 5 0 2
0 1 1
0 10 1 1 1 1 0 1
cob=(3)
cfi=(118)
cfn=(484)
calls=1 28 
0 2654 585 382 2 24 15 2
0 1 1
0 3845 768 1
cob=(3)
cfi=(118)
cfn=(484)
calls=1 28 
0 950 198 132
0 1 1
0 2 0 1 1 0 0 1
cob=(3)
cfi=(99)
cfn=(392)
calls=1 33 
0 422 102 50 1 1 0 0 1
0 1 1
0 1 0 1
cob=(3)
cfi=(115)
cfn=(468)
calls=1 25 
0 45 12 5
0 1 1
0 7 0 1
cfn=(532)
calls=1 0 
0 1028708 209796 104037 38 119 90 38
0 1 0 1
cob=(3)
cfi=(115)
cfn=(468)
calls=1 25 
0 45 12 5 0 2
0 1 1
0 9 1 1 1 0 0 1
cob=(3)
cfi=(118)
cfn=(484)
calls=1 28 
0 2667 586 384 0 24 16
0 1 1
0 3846 768 1 1 0 0 1
cob=(3)
cfi=(118)
cfn=(484)
calls=1 28 
0 950 198 132
0 1 1
0 2 0 1
cob=(3)
cfi=(99)
cfn=(392)
calls=1 33 
0 419 102 50 0 1
0 1 1
0 1 0 1
cob=(3)
cfi=(115)
cfn=(468)
calls=1 25 
0 45 12 5
0 1 1
0 7 0 1 1 0 0 1
cfn=(534)
calls=1 0 
0 1028653 209708 104052 39 119 90 39
0 1 0 1
cob=(3)
cfi=(115)
cfn=(468)
calls=1 25 
0 45 12 5 0 2
0 1 1
0 9 1 1 1 0 0 1
cob=(3)
cfi=(118)
cfn=(484)
calls=1 28 
0 2642 585 379 0 24 16
0 1 1
0 3846 768 1
cob=(3)
cfi=(118)
cfn=(484)
calls=1 28 
0 950 198 132
0 1 1
0 2 0 1 1 0 0 1
cob=(3)
cfi=(99)
cfn=(392)
calls=1 33 
0 399 98 50 0 1
0 1 1
0 1 0 1
cob=(3)
cfi=(115)
cfn=(468)
calls=1 25 
0 45 12 5
0 1 1
0 6 0 1
cfn=(530) grade_school_mul
calls=1 0 
0 2260818 449476 153221 0 89 16
0 1 0 1
cob=(3)
cfi=(115)
cfn=(468)
calls=1 25 
0 45 12 5
0 1 1
0 9 1 1 1 0 0 1
cob=(3)
cfi=(118)
cfn=(484)
calls=1 28 
0 2654 585 382 0 9 8
0 1 1
0 3845 768 1 1 1 0 1
cob=(3)
cfi=(118)
cfn=(484)
calls=1 28 
0 950 198 132
0 1 1
0 2 0 1
cob=(3)
cfi=(99)
cfn=(392)
calls=1 33 
0 433 104 50
0 1 1
0 1 0 1
cob=(3)
cfi=(115)
cfn=(468)
calls=1 25 
0 45 12 5
0 1 1
0 6 0 1 1 0 0 1
cfn=(478) grade_school_mul_optim
calls=1 0 
0 2268509 451973 153225 2 24 1
0 1 0 1
cob=(3)
cfi=(115)
cfn=(468)
calls=1 25 
0 45 12 5
0 1 1
0 9 1 1
cob=(3)
cfi=(118)
cfn=(484)
calls=1 28 
0 2651 584 382 0 9 8
0 1 1
0 3845 768 1 1 1
cob=(3)
cfi=(118)
cfn=(484)
calls=1 28 
0 950 198 132
0 1 1
0 7 5 0 0 1

fn=(530)
0 4963950 929158 393062 15 89 176 15 0 74

fn=(544) 0x0000000000000c70
0 8 3 2 2 2
cob=(2)
cfi=(18)
cfn=(550) 0x0000000000108780
calls=1 0 
0 75 23 12 11 2 0 9 2
0 1 0 1
cfn=(558)
calls=1 0 
0 9 2 1 2
0 3 2 1

fn=(528)
0 8814 4371 1760 13 195 60 13
cfn=(529) karatsuba_old'2
calls=7 0 
0 1016396 203628 101406 36 0 188 36 0 80
0 49 14 7
cfn=(529)
calls=7 0 
0 1016396 203628 101406 0 0 96 0 0 48
0 6893 3610 1215
cfn=(529)
calls=7 0 
0 1016396 203628 101406 0 55
0 9260 4413 2325 1 0 0 1

fn=(529)
0 134181 43605 30777 0 55 124 0 0 54
cfn=(529)
calls=354 0 
0 3210540 606654 305334 125 0 416 125 0 236
0 2478 708 354 1 0 0 1
cfn=(529)
calls=354 0 
0 3210540 606654 305334 0 0 294 0 0 162
0 89430 36786 12852 10 0 0 10
cfn=(529)
calls=354 0 
0 3210540 606654 305334
0 117843 49395 20394 10 0 0 10
cfn=(530)
calls=729 0 
0 2703132 479682 239841 15 0 160 15 0 74
0 2124 708

fn=(474)
0 35 1 16 4 0 0 4
cfn=(476) grade_school_mul_half_optim
calls=1 0 
0 158316 42175 9591 17 66 33 17 0 33
0 5 0 1
cfn=(476)
calls=1 0 
0 158316 42175 9591 0 66 33 0 0 33
0 1622 649 325 12 62 64 12 0 64
cfn=(478)
calls=1 0 
0 264669 52357 18313 16 0 65 16 0 65
0 5 2 1
cfn=(478)
calls=1 0 
0 264669 52357 18313 0 0 32 0 0 32
0 1439 709 323 6 0 0 6
cfn=(478)
calls=1 0 
0 264669 52357 18313
0 10226 1877 1482 17 0 0 17

fn=(476)
0 316632 84350 19182 17 132 66 17 0 66

fn=(478)
0 3062516 609044 208164 18 24 98 16 0 97

ob=(1)
fl=(9)
fn=(16) __GI___tunables_init
289 8 0 6 1 0 1 1 0 1
-9 3 1
68 191 63 0 1 0 0 1
+6 62 62 0 0 15 0 0 15
-3 62
+3 5560 750 0 1 13 0 1 13
+4 124
+5 62
297 62
83 62
297 62
fi=(10) /build/glibc-kAz5Pl/glibc-2.27/elf/dl-tunables.h
121 62
-1 186 0 0 1 0 0 1
+1 70
-1 8 8
+1 16
-1 8 8
+1 32
-1 40 8 0 0 1 0 0 1
fe=(9)
330 248 62
-12 6820 2728 0 1 0 0 1
fi=(10)
120 2232 1116 0 0 6 0 0 6
+1 2370
-1 180 60 0 0 1 0 0 1
fe=(9)
312 5518 0 0 1 0 0 1
68 124
364 8 7

fn=(26)
373 102 17 0 2 10 0 1
+4 17 17 0 0 3
-4 66
+9 3 0 3
+1 3
-6 14 0 14
+22 85 17 0 2 1 0 1
+2 17 17

fl=(53) /build/glibc-kAz5Pl/glibc-2.27/elf/dl-version.c
fn=(176) _dl_check_map_versions
156 28 0 24 1 0 0 1
+15 12 4
+2 20 4 12 1 0 0 1
+2 4 4
+1 4 4
+2 4
-3 4 0 4
+1 4 0 4
+2 4
+3 6 4
-16 2 0 2
-8 4 0 2 1 0 0 1
+28 2 2 0 0 2 0 0 2
-4 2 0 2
+4 4
+16 2 2
37 2
201 2 2
37 2 2
201 2 2
37 10 2 0 1 0 0 1
+1 5 5
-1 10
+2 21 0 7
cfi=(35) /build/glibc-kAz5Pl/glibc-2.27/elf/dl-misc.c
cfn=(118) _dl_name_match_p
calls=7 282 
* 638 155 29
* 14
209 6 2
+5 2 2
-71 6 2 4 1 0 0 1
+71 4 2 0 0 1 0 0 1
-71 6 0 2
+79 2 2
-2 2 2
-2 4 4
+4 2 0 2
-4 14 10 2 1 0 0 1
+4 2 2
-2 2 2
-2 4 4
+4 2 0 2
-4 24 14 2
57 6 4 2
+8 6 2 0 1 0 0 1
-8 6 4 2
+8 6 2
+6 12 4 0 0 1
+16 4 4
+1 8
+2 4 4
+5 24 4 4 0 2 0 0 2
+14 56 28 0 1 2 0 1 2
+12 72 24 0 0 5 0 0 5
+4 24
-30 48 24 0 0 5 0 0 5
225 16 4 0 1 0 0 1
+3 12 4
+5 2
-11 2
111 4 4 0 1 0 0 1
+3 16 12 4
cfi=(21) /build/glibc-kAz5Pl/glibc-2.27/string/../sysdeps/x86_64/strcmp.S
cfn=(56) strcmp
calls=4 +30 
* 161 29 0 6 5 0 6 5
* 20 2 2 1 0 0 1
237 8 4
+14 6 2 0 1 0 0 1
+3 8 8 0 1 0 0 1
+3 12 2 2
+3 8 2
+4 2
-7 8 2
+3 6 2
+4 30
-7 120 30 0 0 3 0 0 3
+3 92 30 2 0 2 0 0 2
+8 9 3 0 1 0 0 1
+89 36 32
-83 12 0 3 1 0 0 1
cfi=(19) /build/glibc-kAz5Pl/glibc-2.27/elf/dl-minimal.c
cfn=(42) calloc
calls=3 92 
* 81 12 9
* 3 3
+1 3
-2 3 0 3
+2 3 0 0 1 0 0 1
+13 3 3 0 0 1
+2 3 3
-5 3 0 3
+3 3 3
+2 3
-2 3 0 3
+2 3
+3 8 6
+4 6 2
+18 2
-15 6 2
+2 6
-2 6 2 0 1 0 0 1
+2 6
+2 4
+1 4
-1 8 4
+1 4
-1 4
+1 4 0 4 0 0 2 0 0 2
+1 4 4
-2 4 0 4
+2 8 0 4
+1 12 4 4 1 0 0 1
+3 12 4
+8 6 2
+10 9 3
+3 8 6
+20 32
-14 68 34 0 1 0 0 1
-2 32 32
+6 32 32
+1 32 32
+1 32 32
-1 96
+1 32
-1 32 0 32 0 0 9 0 0 9
+1 32 0 32
+1 32 0 32 0 0 5 0 0 5
+3 104 34
-96 2 2 0 1 0 0 1
-86 2 0 2
-8 2 0 2
+94 3

fn=(174) _dl_check_all_versions
362 5 0 4 1 0 0 1
+4 5 0 0 1 0 0 1
-2 2
+4 24 4 4
cfn=(176)
calls=4 156 
* 2570 777 255 26 29 16 26 27 16
-2 4 4
+2 16
-2 8 0 0 1 0 0 1
+5 7 5

fl=(46) /build/glibc-kAz5Pl/glibc-2.27/io/../sysdeps/unix/sysv/linux/access.c
fn=(146) access
27 7 0 1 1 0 0 1
+4 1 1

fl=(13) /build/glibc-kAz5Pl/glibc-2.27/string/../sysdeps/x86_64/multiarch/../strlen.S
fn=(28) strlen
79 14 0 0 1 0 0 1
+1 14
+1 14
+1 14
+1 14
+1 14
+1 14
+2 14
+2 14
+31 14 14 0 0 3 0 0 3
+1 14
+1 14 0 0 1 0 0 1
+1 14
+1 14
+1 8
+2 8 8
+4 6
+1 6 6
+1 6 6
+1 6 6
+1 6
+1 6
+1 6
+1 6
+1 6
+1 6
+1 6
+1 6
+5 48 6 0 1 0 0 1

fl=(14) /build/glibc-kAz5Pl/glibc-2.27/elf/../misc/sbrk.c
fn=(30) sbrk
32 4 0 2 1 0 0 1
+8 6 2
+4 2
+16 5 3 0 1 0 0 1

fl=(11) /build/glibc-kAz5Pl/glibc-2.27/elf/../sysdeps/unix/sysv/linux/dl-sysdep.c
fn=(62) _dl_discover_osversion
45 4 0 3 1 0 0 1
+2 3 1 0 1 0 0 1
+85 5 4 0 1 0 0 1
-45 3 0 1 1 0 1 1 0 1
cfi=(23) /build/glibc-kAz5Pl/glibc-2.27/posix/../sysdeps/unix/syscall-template.S
cfn=(64) uname
calls=1 -9 
* 5 1 0 1 0 0 1
* 1
+15 1
-15 1
+20 1
-1 1
+3 12 3 0 0 1 0 0 1
+4 3 3
-2 6
+2 9 0 0 1 0 0 1
+7 3
-1 3
+4 3
-2 3
+2 10
+5 2 0 0 1 0 0 1

fl=(28) /build/glibc-kAz5Pl/glibc-2.27/string/../sysdeps/x86_64/multiarch/../strchr.S
fn=(82) index
24 6 0 0 1 0 0 1
+1 6
+1 6
+1 6
+1 6 0 0 1 0 0 1
+1 6
+1 6
+1 6
+1 6 6 0 0 2 0 0 2
+1 6
+1 6
+1 6
+1 6
+1 6
+1 6
+1 6
+1 6
+1 4
+4 4
+1 4
+1 4 4 0 1 0 0 1
+1 4
+2 4 4
+4 2 2
+1 2
+1 2
+1 2
+1 2
+1 2
+1 2 2 0 0 1 0 0 1
+1 2
+1 2
+1 2
+1 2
+1 2
+1 2
+1 2 2 0 1 0 0 1
+1 2
+1 2
+1 2
+1 2
+1 2
+1 2
+1 2
+1 2
+1 2
+1 2
+52 2 0 0 1 0 0 1
+4 2
+1 2
+1 2 2
+1 2
+2 2 2

fl=(78) /build/glibc-kAz5Pl/glibc-2.27/elf/dl-init.c
fn=(302) call_init.part.0
36 4 4 0 1 0 0 1
+3 4 4
-3 8 0 4 1 0 0 1
+3 12 4 0 0 1
-11 21 0 15
+16 15 3 0 0 2
+5 4 2
+9 12 4 2 1 1 0 1
cob=(3)
cfi=(80)
cfn=(314)
calls=1 -6 
* 201 49 27 15 6 4 15 0 3
cob=(2)
cfi=(18)
cfn=(304) 0x0000000004026000
calls=1 -58 
* 6 2 0 1 0 0 1
* 2 2 0 0 1
+4 4
+6 2 2
+2 4 4
-2 4 2 0 0 1
+3 10
+1 8 2 2 1 0 0 1
cob=(3)
cfi=(86)
cfn=(328)
calls=1 488 
* 1729 167 90 30 6 3 30 6 3
cob=(4) /usr/lib/valgrind/vgpreload_core-amd64-linux.so
cfi=(79) ???
cfn=(308) 0x0000000000001120
calls=1 -72 
* 17 3 2 3 0 0 3
* 2
-1 4
+3 18 18
-29 3 1
-5 3 1 0 1 0 0 1

fn=(300) _dl_init
79 11 0 6 1 0 0 1
+1 1 1 0 0 1
+1 1 1 0 1 0 0 1
+3 3 1
+8 2
+25 1 1
+1 6
+1 12 8
-89 17 4 0 1 0 0 1
+88 6 0 3
cfn=(302)
calls=3 -82 
* 2021 250 132 46 17 7 46 6 6
* 6
+7 8 7
-95 2 1 0 1 0 0 1
+57 3 0 2
cfn=(302)
calls=1 -51 
* 76 24 10 8 1 0 8
* 1

fl=(47) /build/glibc-kAz5Pl/glibc-2.27/elf/dl-deps.c
fn=(150) openaux
60 4 0 2 1 0 0 1
+7 2 2
-4 6 6
+1 2 2
-1 2 2
+1 2
-1 10 0 2 0 0 1 0 0 1
cfi=(24) /build/glibc-kAz5Pl/glibc-2.27/elf/dl-load.c
cfn=(116) _dl_map_object
calls=2 2080 
* 5671 1169 712 69 44 63 69 44 63
* 2 0 2
+5 4 4

fn=(148) _dl_map_object_deps
159 1 0 0 1 0 0 1
-1 1 0 1
+1 1
-1 4 0 3 1 0 0 1
+1 1
-1 2 0 2
+1 1
-1 2 0 1
+1 1
-1 2 0 2
+1 1
-8 1 1
+8 2 0 0 1 0 0 1
-14 1
+6 3 0 1
+24 1
-16 1
-16 1 0 1 0 0 1 0 0 1
+1 1 0 1
+1 1 0 1
+6 1 0 1
+24 2
-28 2
-2 1 0 0 1 0 0 1
+31 1 1
-33 3 0 1
+2 2
-1 1 0 1
+1 2 0 1
+6 3 1
+24 1
-24 1 0 1 1 0 0 1
+24 6 1 2
+4 1 1
+21 1 0 1
-14 1 0 1
-1 3 0 3 1 0 0 1
-6 1 0 1
+19 1 1
+2 1 0 1
-2 1 0 1
+11 2 1 1
+4 4 2 0 1 0 0 1
-4 6 3 3
+4 12 6
+12 12 8
+2 4 4
+6 2 0 2
-6 2 2
+6 2
+1 4 2 2 1 0 0 1
+1 2 2
-3 2 0 2
+3 2 0 2
+3 10 6
-32 2
+32 2 0 2
+66 6 0 2 1 0 0 1
-59 10 2 2
cfi=(28)
cfn=(82)
calls=2 24 
* 70 9 0 0 3 0 0 3
* 4
+4 6 2
-2 2 0 2
+2 2 0 2
cfi=(33) /build/glibc-kAz5Pl/glibc-2.27/elf/dl-error-skeleton.c
cfn=(110) _dl_catch_exception
calls=2 -74 
* 5805 1209 760 70 44 65 70 44 65
* 2 2
+1 4 2 0 1 0 0 1
+9 2 2
+2 4 2
+5 2
+6 2 2
+2 2 0 2
-8 4
+3 2 0 2
+1 2 0 2
+1 2 0 2 1 0 0 1
+1 2 0 2
+4 10 2 4
+4 4
+1 3 0 1
-43 200 50
+1 100 0 0 1 0 0 1
+44 144
434 4 0 0 1 0 0 1
+2 6 0 2
+3 4
-1 2 0 2
cfi=(19)
cfn=(46) malloc
calls=2 50 
* 36 6 6
* 2 2
+2 2
-2 2
+2 2
+3 2 2
+1 8
-1 2 0 2 0 0 1 0 0 1
+1 2 0 2
cfi=(20) /build/glibc-kAz5Pl/glibc-2.27/string/../sysdeps/x86_64/multiarch/memmove-vec-unaligned-erms.S
cfn=(48) memcpy
calls=2 129 
* 20 6 4
+1 10 0 2
cfi=(20)
cfn=(48)
calls=2 129 
* 20 6 4 0 0 1 0 0 1
+4 2 0 2
-1 2 0 2
+5 28 14 3 1 0 0 1
+7 6 2 0 1 0 0 1
+4 5 2 1 1 0 0 1
+11 2
-1 1 0 1
cfi=(19)
cfn=(46)
calls=1 50 
* 18 3 3
* 1 1
+3 1
-3 1
+3 1 0 0 1 0 0 1
+5 1
+3 2 1
-3 3 1 1
+1 2 0 1
+4 12 4
+4 16 4 4 1 0 1 1 0 1
+4 4 0 4
-10 12 4
+13 2 1
+51 3 2
+2 1 1 0 1 0 0 1
-1 1
+1 3 1
+35 6 0 2 2 0 0 2
cfi=(20)
cfn=(48)
calls=1 129 
* 10 3 2
+4 5 0 1
cfi=(52) /build/glibc-kAz5Pl/glibc-2.27/elf/dl-sort-maps.c
cfn=(168) _dl_sort_maps
calls=1 28 
* 231 55 32 7 0 0 7
+3 1 0 1
+2 1 1
+1 1 0 1
-1 1 0 1
+2 3 1
+7 3 1 0 1 0 0 1
+3 3 1
+3 8 7
225 8 4 0 1 1 0 1 1
-19 2
434 5 0 0 1 0 0 1
+27 2 0 1
214 25 11 0 1 0 0 1
+2 2
+2 8 4 0 1 0 0 1
+2 26 0 4
456 9 3
-1 4 4 0 1 0 0 1
+1 10 2
199 2 0 1 1 0 0 1
573 6 0 3 1 0 0 1

fl=(52)
fn=(168)
28 16 0 12 2 0 0 1
+2 2
-2 2 0 2
+2 2
+92 10 0 4 2 0 0 1
-88 10 0 4
+1 4
-1 2
-1 2
+1 8 0 2
+1 2 0 2 2 0 0 1
cfi=(44) /build/glibc-kAz5Pl/glibc-2.27/string/../sysdeps/x86_64/multiarch/memset-vec-unaligned-erms.S
cfn=(140) memset
calls=2 +74 
* 30 2 4 3
* 32 2 10
+4 4 2 0 2 0 0 1
+3 2 2
-3 4 0 4
+1 6 4
+2 2
-7 8 4
+4 8 4
+3 4 4
-3 8 0 8
+1 12 8
+2 4
+12 36 22 0 2 0 0 1
+2 12 8 0 0 1
+1 8
-1 6 4 0 0 1
+1 4
+2 18 6 0 0 1
+1 12
+58 24 4 4
cfi=(44)
cfn=(140)
calls=4 -9 
* 64 4 8
* 12
-28 24 6 0 2 0 0 1
-36 12 0 0 2 0 0 1
+61 28 10
-25 9 3 0 1 0 0 1
-44 12 6 0 2 0 0 1
+69 2
+7 16 14

fl=(17) /build/glibc-kAz5Pl/glibc-2.27/elf/dl-object.c
fn=(38) _dl_new_object
59 36 0 21 2 0 2 2 0 2
+1 3
-1 3 0 3
+1 6 0 6 0 0 1 0 0 1
cfi=(13)
cfn=(28)
calls=3 +19 
* 66 9 0 0 1 0 0 1
+6 3 3
-6 6
+6 3
+7 3
-7 3
-6 3 0 3
+6 9 0 0 1 0 0 1
+2 6
+5 9 0 6
cfi=(19)
cfn=(42)
calls=3 +19 
* 147 23 20 7 0 0 7
* 3 3 0 1 0 0 1
+3 3
-3 3
+3 3
+4 3 3
+5 3 3
-6 3 0 3 0 0 2 0 0 2
+6 3 3
-5 3 0 0 1 0 0 1
+5 3
-5 3 0 3 0 0 3 0 0 3
+4 3
+1 6 0 3
-1 3 0 3 0 0 1 0 0 1
+1 3 0 3
cfi=(20)
cfn=(48)
calls=3 +44 
* 41 10 7 2 0 4 2 0 4
+10 3 3
-10 3 3
+10 3 3
-10 3 0 3 0 0 2 0 0 2
+10 3
-8 3 0 3 1 0 0 1
+8 6
+1 3
-1 3 0 3 0 0 1 0 0 1
+1 9 3 0 0 3 0 0 3
+3 3 3
-3 3 0 3
+3 3
+9 3
-7 3 0 3 0 0 1 0 0 1
+4 3 0 3 1 0 0 1
+3 8
+2 2 0 1 0 0 1 0 0 1
-2 2
+2 30 0 15 0 0 3 0 0 3
-2 30
+18 6
-6 3
+1 3 0 3 1 0 3 1 0 3
+5 3
-6 3 0 3 0 0 1 0 0 1
+6 9 3
+2 2
+3 2
-3 4 0 2 0 0 1 0 0 1
+3 2
+4 6 2
+4 5 0 0 1 0 0 1
+8 1 0 1
+3 1
+3 2 0 1
-3 1 0 1
+3 1
-3 2
+3 4 0 2
-3 2 0 2
+3 2
+2 2 2 0 1 0 0 1
+21 2
-21 2 0 2
cfi=(13)
cfn=(28)
calls=2 -76 
* 68 10
+4 2 2
-4 4 0 2
+17 2
-13 6
+64 2 0 2
+4 27 21
100 8 2 3 1 0 3 1 0 3
+39 6 0 0 1 0 0 1
+70 6 2 2 1 0 0 1
cfi=(20)
cfn=(74) mempcpy
calls=2 -93 
* 32 8 6
* 42
+6 40 40
-1 40
+1 42 2
-1 2
+1 6
+5 4 0 2
-96 1 0 0 1 0 0 1
+7 4
+32 4 0 2 1 0 0 1
cfi=(19)
cfn=(46)
calls=2 50 
* 36 6 6
* 2 2
+1 2
-1 4
+1 2

fn=(50) _dl_add_to_namespace_list
31 6 0 6 1 0 0 1
+2 3
-2 9 0 3
+2 6 3 3
cfi=(2)
cfn=(52)
calls=3 784 
* 6 3 3 1 0 1 1 0 1
+2 22 3 0 1 0 0 1
+3 15 5
+2 2 0 2
+2 2 0 2
+4 2
+4 2
-4 4 0 2
+1 2 2
+4 4 4
-4 2 0 2
+1 2
+3 2 2
-3 2 0 2
+2 2 2
cfi=(2)
cfn=(54)
calls=2 790 
* 4 2 2
-4 1
+4 1
-4 2 0 1
+1 1 1
+4 2 2
-4 1 0 1
+1 1
+3 1 1
-3 1 0 1
+2 1 1
cfi=(2)
cfn=(54)
calls=1 790 
* 2 1 1
-5 2 0 1

fl=(34) /build/glibc-kAz5Pl/glibc-2.27/setjmp/../sysdeps/x86_64/setjmp.S
fn=(112) __sigsetjmp
26 3 0 3 1 0 1 1 0 1
+9 3
+1 6 3 0 1 0 0 1
+1 3 0 3
+4 3 0 3
+1 3 0 3
+1 3 0 3
+1 3 0 3
+1 3
+2 6 3
+2 3 0 3
+1 3 3
+3 6 3
+2 3 0 3
+4 3
+1 3 3

fl=(45) /build/glibc-kAz5Pl/glibc-2.27/io/../sysdeps/unix/sysv/linux/close.c
fn=(144) close
27 12 0 0 1 0 0 1
+1 3 3

fl=(1) ???
fn=(0) 0x0000000000001090
0 2 0 1 1 0 1 1 0 1
cfi=(2)
cfn=(2) _dl_start
calls=1 444 
0 123838 29677 11378 681 1267 535 676 1124 511
0 14 3 2 1
cfi=(78)
cfn=(300)
calls=1 79 
0 2177 298 153 58 19 7 58 6 6
0 3
cob=(5)
cfi=(88)
cfn=(338)
calls=1 0 
0 8958058 1828377 716943 680 2172 964 646 945 599

fl=(12) /build/glibc-kAz5Pl/glibc-2.27/elf/../sysdeps/unix/sysv/linux/x86_64/brk.c
fn=(22) brk
31 7 0 1 2 0 1 2 0 1
+8 1
-6 2
+7 1 1

fl=(23)
fn=(64)
78 4 0 0 1 0 0 1
+1 1 1

fl=(29) /build/glibc-kAz5Pl/glibc-2.27/string/strdup.c
fn=(84) strdup
40 12 0 6 1 0 0 1
+1 3 0 3
cfi=(13)
cfn=(28)
calls=3 +38 
* 84 12 0 1 0 0 1
* 3 0 0 1 0 0 1
+1 6 0 3
cfi=(19)
cfn=(46)
calls=3 +8 
* 54 9 9
* 3 3
+2 6
+4 3
-1 6
+1 6 6
-1 6
cfi=(20)
cfn=(48)
calls=3 +82 
* 38 11 8 0 0 2 0 0 2

fl=(31) /build/glibc-kAz5Pl/glibc-2.27/elf/../elf/dl-tls.c
fn=(182) _dl_allocate_tls_storage
332 4 0 3 1 0 0 1
+2 1 1
+11 1 1
+1 2 0 1
cfi=(19)
cfn=(46)
calls=1 50 
* 18 3 3
* 1 1
+1 3 0 0 1 0 0 1
+8 4
+1 1
+4 297 0 289 1 0 36 1 0 36
+19 1 0 1 0 0 1 0 0 1
+2 2 0 1
cfn=(184) allocate_dtv
calls=1 278 
* 47 9 8 1 0 0 1
+1 2
+3 5 4

fn=(288) _dl_add_to_slotinfo
887 4 0 3 1 0 0 1
+9 1 1 0 0 1
-3 2 1
+8 7 2 0 1 0 0 1
+41 1 0 1
+1 1 0 1
+1 4 4

fn=(184)
278 3 0 2 1 0 0 1
+8 1
-8 1
+7 2 1
+1 2 0 1
cfi=(19)
cfn=(42)
calls=1 92 
* 27 4 3
* 1 1
+1 2
+9 1
-6 2 0 1
+6 1 0 1
+6 4 3

fn=(290) _dl_allocate_tls_init
437 7 0 6 1 0 0 1
+1 1
-1 1 0 1
+1 1
+4 1 1
+6 2 2 0 1 1 0 1
-6 1 0 1
+6 1
+12 1 1
-15 1
-1 2
+21 8 1 2 1 0 0 1
+6 15 0 1 1 0 0 1
+3 1 1
+1 2
+6 3 2
+3 1 1 0 1 0 0 1
-2 1
+6 1 1
-6 1
+2 1
+4 1
-4 2 1
+3 1
-3 1 0 1 0 0 1 0 0 1
+1 1 0 1
+2 1
+4 2
+1 4 2 0 1 0 0 1
+2 2
+1 1 1
+12 2 1
-12 2
+9 1 0 1
+3 2 0 1
cfi=(20)
cfn=(74)
calls=1 116 
* 12 3 2 0 1 1 0 0 1
* 4 0 1 1 0 0 1
cfi=(44)
cfn=(140)
calls=1 109 
* 33 1 12 0 0 2 0 0 2
* 6 4
-42 2 1
+52 1 0 0 1 0 0 1
+4 2 1 1
+3 9 8 0 1 0 0 1

fn=(92) _dl_count_modids
113 2 1 0 1 0 0 1
+1 2 2 0 0 1 0 0 1

fn=(180) _dl_determine_tlsoffset
141 1 1 0 1 0 0 1
-6 5 0 5
+6 2
+3 2 1
+36 3 1
+2 4 1
-2 1 0 0 1 0 0 1
-2 1
-40 1
-1 1
-1 2
+69 2
+3 2
-3 5
+2 2
+10 1 0 1
-37 2 1
+25 1
-25 2
+5 1 1 0 1 0 0 1
-1 1 1
+5 2 1
-4 1 0 0 1 0 0 1
-1 2
+3 2
+2 3
-9 5 0 0 1 0 0 1
+93 1 1
-53 1 0 1
+1 1 0 1
+52 1 1
-1 1 0 1
+1 4 4 0 1 0 0 1

fn=(164) _dl_next_tls_modid
51 4 2 0 1 0 0 1
+48 1 0 1
+4 1 1

fl=(35)
fn=(158) _dl_sysdep_read_whole_file
44 2 0 2 1 0 0 1
+3 1
-3 3 0 2
+3 1
-3 3 0 0 1 0 0 1
+3 1 0 1
cfi=(36) /build/glibc-kAz5Pl/glibc-2.27/io/../sysdeps/unix/sysv/linux/wordsize-64/lxstat.c
cfn=(122) open
calls=1 -8 
* 16 1 1
+1 2
+2 5 0 1
cfi=(40) /build/glibc-kAz5Pl/glibc-2.27/io/../sysdeps/unix/sysv/linux/wordsize-64/fxstat.c
cfn=(132) _fxstat
calls=1 -16 
* 10 1
* 2
+2 1 1
+3 1
-3 1 0 1
+3 1
+13 2 0 1
cfi=(45)
cfn=(144)
calls=1 -41 
* 5 1
+3 7 5
-14 6 0 1 1 0 0 1
cfi=(41) /build/glibc-kAz5Pl/glibc-2.27/misc/../sysdeps/unix/sysv/linux/mmap64.c
cfn=(134) mmap
calls=1 -13 
* 35 7 6
* 2

fn=(118)
282 220 0 88 1 0 0 1
+1 88 44 44 1 2 3 1
cfi=(21)
cfn=(56)
calls=44 144 
* 1140 304 0 4 9 0 4
* 44
+1 44
-1 44
+3 44 44
+2 88
+6 41
+1 205 123
-3 45 45
-4 90
+1 144 48 48 1 9 0 1
cfi=(21)
cfn=(56)
calls=48 144 
* 1314 338 0 2 3 0 2
* 96
+6 3
-11 3
+11 12 9

fl=(20)
fn=(48)
129 14 0 0 1 0 0 1
+2 14
+1 14
+1 8
+1 8
+5 5 5
+1 5 5
+1 5 0 5 0 0 2 0 0 2
+1 5 0 5
+5 5 5
267 6 0 0 1 0 0 1
+1 6
+1 1
+1 1
+1 1
+1 1
+1 1
+1 1 1
+1 1 0 1 0 0 1 0 0 1
+2 1 1
+22 5 5
+1 5 5
+1 5 0 5 0 0 1 0 0 1
+1 5 0 5
+1 5 5
+24 3
+1 3
+1 3
+1 3
+22 3 3 0 1 0 0 1
+1 3 3
+1 3 3
+1 3 3
+1 3 0 3 0 0 2 0 0 2
+1 3 0 3
+1 3 0 3 0 0 2 0 0 2
+1 3 0 3
+2 3 3

fn=(74)
116 26
+1 26
+1 26
+13 26
+1 26
+1 4
+1 4
+5 3 3 0 0 1
+1 3 3
+1 3 0 3 0 0 1 0 0 1
+1 3 0 3
+5 3 3
267 22
+1 22
+1 8
+1 8
+1 3
+1 3
+1 1
+4 1 1
+22 14 14
+1 14 14
+1 14 0 14 0 0 1 0 0 1
+1 14 0 14
+1 14 14
+3 5 5
+1 5 5
+1 5 0 5
+1 5 0 5
+1 5 5
+3 2 2 0 0 1 0 0 1
+1 2 2
+1 2 0 2 1 0 1 1 0 1
+1 2 0 2
+1 2 2
+10 1
+1 1
+1 1
+1 1
+22 1 1
+1 1 1
+1 1 1
+1 1 1
+1 1 0 1
+1 1 0 1
+1 1 0 1
+1 1 0 1
+2 1 1

fl=(25) /build/glibc-kAz5Pl/glibc-2.27/elf/dl-hwcaps.c
fn=(68) _dl_important_hwcaps
42 4 0 3 1 0 0 1
+1 1
-1 8 0 6
+1 4 0 1 1 0 1 1 0 1
-1 1 0 1
+1 1 0 1
cfi=(9)
cfn=(26)
calls=1 373 
* 18 4 1
* 1 1
+3 3
-3 1 0 1
+12 6 1
+1 3 0 0 1 0 0 1
+1 1
-2 1
+2 1
-2 5
+1 3
+1 1
-2 1
+2 1
-2 5
+10 3 1
fi=(26) /build/glibc-kAz5Pl/glibc-2.27/elf/../sysdeps/unix/sysv/linux/not-errno.h
-37 4 0 0 2 0 0 2
fe=(25)
131 4
-2 1
+17 6
+3 2 0 0 1 0 0 1
329 9 7
69 3 0 0 1 0 0 1
+77 1
+20 1 0 0 1 0 0 1
-19 1
+36 10 0 1
+1 3 1 1 0 0 1 0 0 1
-1 2
+1 3 1 1
fi=(27) /build/glibc-kAz5Pl/glibc-2.27/elf/../sysdeps/x86/dl-hwcap.h
57 6 0 2 1 0 0 1
fe=(25)
186 1 0 1 0 0 1 0 0 1
+1 1 0 1
cfi=(13)
cfn=(28)
calls=1 79 
* 16 2 0 0 1 0 0 1
+1 1 1
-1 1 0 1
+1 3
-5 1 1
+5 1
-5 1
+5 2
-5 5 1 0 1 0 0 1
+8 3 1
+2 1 0 1
+1 6 1 1 1 0 0 1
+4 1
+4 1
-3 1 0 1
-1 1 0 1
+4 2 1
+3 3 0 1
+4 4 1
+1 1 0 0 1 0 0 1
-1 5 1 2
+1 3 1
+2 3
+2 2 1
-1 1
+1 1
-1 1 0 0 1 0 0 1
+2 2
+7 2
+6 11 1 5 1 0 0 1
+1 4 0 1
cfi=(19)
cfn=(46)
calls=1 50 
* 18 3 3
* 1 1
+1 1
-1 1
+1 3 2 0 1 0 0 1
+29 13 1 5
+3 4 1 1 1 0 0 1
+7 1 1
+10 12 2 6 1 0 0 1
-4 2 2
-3 1
+3 1 0 1
cfi=(20)
cfn=(74)
calls=1 116 
* 16 3 2 1 1 1 1 1 1
* 2 2
-3 1
+3 1 0 1
cfi=(20)
cfn=(74)
calls=1 116 
* 16 3 2
* 6 2 2
+3 7 2
+1 12 0 0 1 0 0 1
+1 4 2 1
cfi=(20)
cfn=(74)
calls=1 116 
* 14 3 2
-2 1
+2 2 0 1
-2 1
+5 6 2 2
cfi=(20)
cfn=(74)
calls=2 116 
* 28 6 4
+2 2
-2 4 0 2 1 0 0 1
+2 5 3
-7 4 1
+12 1
+1 2 0 1
-1 9 0 0 1 0 0 1
+1 14 0 7 0 0 1 0 0 1
-1 15 1
+5 7 1
+3 1
-3 1
+3 2
-3 1
+3 1
-3 4
+3 2
-3 2
+3 4
-3 2
+3 2
+1 36 0 0 1 0 0 1
+1 12 12
-1 12
+1 24 0 12
-2 12
+1 24
-1 39
+4 6
+3 1 1
+2 2 1
-1 1 0 0 1 0 0 1
-1 2
+2 3
-1 1
+1 2
+3 2 2
+3 1
-3 1 0 1
-3 2
+2 6
+3 1 1 0 1 0 0 1
+1 1
-1 1 0 1
-5 5
+13 8 3
+1 1
-1 2 0 1
+3 2 0 0 1 0 0 1
-3 3 3
+1 3
-1 6 0 3
+3 6
+3 3 2 1
+2 1
-63 2 0 0 2 0 0 2

fl=(95) /build/glibc-kAz5Pl/glibc-2.27/elf/../elf/dl-runtime.c
fn=(378) _dl_fixup
66 12 0 6 1
+6 12
-6 6
+3 12 12 0 1 4 0 1
+3 18 12 0 0 7
-4 6 6
+5 6 6 0 0 4
+2 6 6
-2 30 6 0 0 1
+2 6 6
-2 6 0 6
+2 6
+5 12 0 0 1 0 0 1
+4 12 6 0 0 5 0 0 1
+4 6 6 0 0 4
+7 6
-7 12
+4 12 12 0 0 7
+1 24 6 0 0 2
+2 24 6 0 1 3 0 1
+7 12 6 0 0 1
-1 6
+1 6
+10 54 12 18 1 4 0 1
cfi=(6) /build/glibc-kAz5Pl/glibc-2.27/elf/dl-lookup.c
cfn=(194) _dl_lookup_symbol_x
calls=6 790 
* 4836 1282 512 7 108 26 6 17
* 6
+4 30 18
+10 42 12
+16 6 6
-8 6 6
+8 18
+4 18 6 0 1 2 0 1
fi=(5) /build/glibc-kAz5Pl/glibc-2.27/elf/../sysdeps/x86_64/dl-machine.h
+96 6 0 6
fe=(95)
-92 18 12

fl=(30) /build/glibc-kAz5Pl/glibc-2.27/elf/dl-debug.c
fn=(90) _dl_debug_initialize
49 8 0 0 1 0 0 1
+5 6
+5 2
-1 1 0 1
+1 2 1
+1 2 0 1
-1 1 0 1
+5 1 1
-14 4 4 0 1 0 0 1
+4 8 4
+4 1
-1 1 0 1
+1 4 3 0 1 0 0 1

fn=(94) _dl_debug_state
74 2 2

fl=(33)
fn=(170) _dl_receive_error
226 3 0 2 1 0 0 1
+1 1 1
+1 1 1
+3 1 0 1
+1 1 0 1
+2 2 0 1
cfi=(2)
cfn=(172) version_check_doit
calls=1 621 
* 2651 794 265 30 29 16 30 27 16
+2 1 0 1
+1 1 0 1
+1 4 3

fn=(110)
175 6 0 3 1 0 0 1
+15 3 3
-3 6 0 6 0 0 2 0 0 2
+4 3
-3 3
-13 3 0 3
+19 3
-3 3 0 3
+3 3
-19 3 0 3
+13 3 0 3
+2 3 0 3 1 0 0 1
+4 3 0 3 0 0 1 0 0 1
cfi=(34)
cfn=(112)
calls=3 26 
* 57 15 24 2 0 1 2 0 1
* 9
+2 9 6 3
cfi=(47)
cfn=(150)
calls=2 60 
* 5705 1185 718 70 44 64 70 44 64
cfi=(2)
cfn=(114) map_doit
calls=1 588 
* 2389 524 281 90 24 29 90 24 29
+2 3 3
-1 3 3
+1 6 0 3
-1 3 0 3
+1 3 0 3
+9 12 6

fn=(106) _dl_catch_error
213 6 0 3 1 0 0 1
+2 2 0 0 1 0 0 1
-2 1
+2 2 0 1
cfn=(110)
calls=1 -40 
* 2439 536 302 94 24 32 94 24 32
* 1 1
+1 2 1 1
+1 1 1
+1 1 1
-1 1 0 1
+1 1 0 1
+2 5 4

fl=(109) /build/glibc-kAz5Pl/glibc-2.27/elf/dl-open.c
fn=(426) _dl_find_dso_for_object
176 5 0 4 1 0 0 1
+4 5 1
+1 4 1
+1 12 6 0 1 0 0 1
+1 2 1
-2 6 2
+5 2 1 0 1 0 0 1
+4 7 5

fl=(40)
fn=(132)
34 3 0 0 1 0 0 1
-1 3
+1 3
+1 18
+4 3 3

fl=(2)
fn=(54)
790 5 0 5 0 0 1
+1 5 5

fn=(102) do_preload
750 4 0 3 1 0 0 1
+12 1
-12 2 0 0 1 0 0 1
+10 1 1
-4 1 0 1
+1 1 0 1
+5 4
-10 1 0 1
+6 1 0 1
+4 1 0 1
cfi=(33)
cfn=(106)
calls=1 213 
* 2462 544 309 96 24 32 96 24 32
* 1 1
+1 3 1 0 1 0 0 1
+8 3 1
+6 5 4

fn=(100) dso_name_valid_for_suid
120 4 0 2 1 0 0 1
+1 3 1
+8 2 1
+1 5 3

fn=(32) dl_main
870 1 0 1 1 0 0 1
+17 1
-17 10 0 5 1 0 0 1
+17 1 0 1 0 0 1 0 0 1
+4 1
2471 1 1
870 1 0 1 0 0 1 0 0 1
+21 1 0 1 0 0 1 0 0 1
+1 1
2466 1 0 1 1 0 0 1
892 1 0 1
+5 1
2471 1
897 1 0 1
2464 2 1 1 0 0 1 0 0 1
+7 3
-4 1
+4 3 0 2 1 0 0 1
+2 2 1 1 0 0 1 0 0 1
cfi=(15) /build/glibc-kAz5Pl/glibc-2.27/elf/dl-environ.c
cfn=(34) _dl_next_ld_env_entry
calls=1 29 
* 52 19 1 2 0 0 2
* 4 2 2
cfi=(15)
cfn=(34)
calls=2 29 
* 358 124 1
* 9
+4 6 2
-2 2
+2 42
+1 19 0 0 1 0 0 1
-1 57 19
+3 4
+6 14 2 0 0 1 0 0 1
+76 3 1 0 1 0 0 1
+1 4 0 1
cfi=(16) /build/glibc-kAz5Pl/glibc-2.27/string/../sysdeps/x86_64/memcmp.S
cfn=(36) bcmp
calls=1 24 
* 31 5 0 5 1 0 5 1
* 2
-56 2 1 0 1 0 0 1
+7 4 0 1 1 0 0 1
cfi=(16)
cfn=(36)
calls=1 24 
* 36 7 0 0 1 0 0 1
* 2
+2 3 0 1
2635 3 1 0 1 0 0 1
+32 3 1
907 3 1 0 1 0 0 1
1108 7 0 1 1 0 0 1
cfi=(17)
cfn=(38)
calls=1 59 
* 230 26 51 19 2 14 19 2 14
+2 1
-2 1
+2 1
+1 1 0 1
+1 1 1
+5 2
-5 1 0 1 1 0 0 1
+1 2 1 1
+4 1 0 1
cfi=(17)
cfn=(50)
calls=1 31 
* 33 9 10 3 0 1 3 0 1
+1 2 1
879 1
1147 1 1
-3 1 0 1
-5 1 0 1
+1 1 0 1 1 0 0 1
+2 1 0 1
+5 5
+56 2 1
876 1
1166 1
+22 1 0 0 1 0 0 1
+15 2
-55 24
-1 27
+1 47 9 0 1 5 0 1 5
1250 3 1 0 1 1 0 1 1
+3 2 1
+2 2 1
+2 2 1 0 1 0 0 1
+13 3 1
+3 2 2
-2 1 1
+2 1 1
-2 4 1 2 1 0 0 1
cfi=(21)
cfn=(56)
calls=1 144 
* 50 6 0 7 2 0 7 2
* 2
+10 1 1
-3 1 0 1
-2 1 0 1
+3 1 0 1
+2 2 1
+1 2 0 1 1 0 0 1
+4 2 1
+2 2
fi=(3) /build/glibc-kAz5Pl/glibc-2.27/elf/get-dynamic-info.h
33 1 1
+9 2
+6 1 1 0 0 1 0 0 1
-2 1
+2 2
+15 1
+5 1
+3 1 0 0 1 0 0 1
+2 1
-3 1
-3 1
-3 1
-14 50
+13 24
+1 20 0 5 0 0 2 0 0 2
+10 5
-26 15 5 0 0 2 0 0 2
+16 19 0 19 1 0 4 1 0 4
+10 19
-26 57 19 0 0 5 0 0 5
+26 1
-26 3 1
+33 3 1
+20 3 1
+1 4 1 1
+1 4 1 1
+1 4 1 1 1 0 0 1
+2 4 1 1
+5 4 1 1
+1 4 1 1
+1 4 1 1 1 0 0 1
+6 3 1
+5 2 1
+7 2 1
+1 3 2
+18 3 1 0 1 0 0 1
+14 3 1 0 1 0 0 1
+10 1 1
-8 3 1 1 0 0 1 0 0 1
+8 1
+5 2
+3 2 1
fe=(2)
1293 2 0 1 1 0 0 1
cfi=(6)
cfn=(10) _dl_setup_hash
calls=1 939 
* 23 7 6 0 1 0 0 1
+3 2 1
fi=(22) /build/glibc-kAz5Pl/glibc-2.27/elf/setup-vdso.h
24 2 1
fe=(2)
1318 1 0 1 1 0 0 1
cfi=(11)
cfn=(62)
calls=1 45 
* 79 12 4 7 1 1 7 1 1
* 9 1 1
fi=(3)
65 4 0 0 1 0 0 1
+3 4
fe=(2)
1312 5 0 2 1 0 0 1
1152 3 1 1 1 0 0 1
+1 1
+90 2 1 1
+1 2 1 1
+1 1
-6 2 1 1 1 0 0 1
+1 1
-73 2 2 0 1 1 0 1 1
+9 1 1
-7 1 0 1
-3 1 0 1 0 0 1 0 0 1
+10 1
+18 2 0 0 1 0 0 1
-37 3 2 1
+1 1
+45 2 2 0 0 1 0 0 1
-1 2 2
+1 4
-1 2
+2 4 2
+1 1 0 1
+3 2 1
+1 2 1 0 1 0 0 1
-1 2 1 0 0 1 0 0 1
+1 2 1
+1 2 0 2
+1 6 3
+1 2 0 1
fi=(3)
71 4 0 0 1 0 0 1
+1 1
+1 3 0 1
fe=(2)
1323 2 1 1 1 0 0 1
cfi=(24)
cfn=(66) _dl_init_paths
calls=1 623 
* 1831 264 248 63 4 15 63 4 15
+3 3 1 1
cfi=(30)
cfn=(90)
calls=1 49 
* 17 4 4 3 0 0 3
+7 1 1
-7 1 0 1
+2 1 0 1
+5 1
+3 3 2 1 1 0 0 1
+1 1 1
+3 1 0 1
-3 3 0 1
+1 2 1 1
+3 1 0 1
+5 1 1
-7 1 0 1 1 0 0 1
+7 1
+1 5 1 1
+17 2 1 0 0 1 0 0 1
+1 2 1
+5 1 1
-3 3 1 0 1 0 0 1
+2 1 0 1
+1 2 0 1
+5 2
+1 5 1 0 0 1 0 0 1
-1 2 0 0 1 0 0 1
+3 2 1 1 0 0 1 0 0 1
+1 2 1 1
+5 2 1 0 0 1 0 0 1
+6 4 2 0 1 0 0 1
+1 1
-2 1 0 1
885 1 0 1
1391 1
1570 1 0 1
cfi=(31)
cfn=(92)
calls=1 113 
* 4 3 0 1 1 0 1 1
* 1 0 1 1 0 0 1
+8 3 1
+3 2 1 1
+4 3 1
+5 2 1 1
+1 1 0 1 1 0 0 1
cfi=(30)
cfn=(94)
calls=1 74 
* 1 1
+5 2 1
+15 3 2
+4 1 1
-2 1
+2 2
+2 3
+1 1
-1 2
+1 1 0 1 1 0 0 1
cfn=(96) handle_ld_preload
calls=1 837 
* 2788 671 367 106 25 38 106 25 38
* 1
+1 4
+2 2 0 1
+10 3 0 1
cfi=(46)
cfn=(146)
calls=1 27 
* 8 1 1 1 0 0 1
* 2
+77 1 1
-96 1
+96 3 1 0 1 0 0 1
+17 3
+1 1
-1 1
+1 2 1
-1 1
+1 5 0 1
cfi=(47)
cfn=(148)
calls=1 159 
* 7167 1486 920 106 48 69 106 48 69
+1 4 0 0 1 0 0 1
+5 1 1
-3 2 0 1
+3 2
+1 7 2 1
-1 2
+1 9 3 3
-1 6
+4 3 2 1 1 0 0 1
+1 3 1
+1 1 0 1
+2 2
+1 5 3 0 1 0 0 1
-1 4
+1 6 4
-1 6
+47 2 1 0 1 0 0 1
+2 2 0 0 1 0 0 1
-1 1 0 1 0 0 1 0 0 1
-1 2 0 1
+2 4 0 2
cfi=(33)
cfn=(170)
calls=1 226 
* 2666 799 272 31 29 16 31 27 16
+10 1 1
+1 1 1 0 1 0 0 1
-1 1 0 1
+1 1
+1 1 0 1
cfn=(178) init_tls
calls=1 687 
* 556 53 331 15 1 37 15 1 37
* 1 0 1
+2 2 1
799 1 1
fi=(162) /build/glibc-kAz5Pl/glibc-2.27/elf/../sysdeps/unix/sysv/linux/dl-osinfo.h
64 2 1
fe=(2)
801 1 0 1
fi=(162)
77 1 1
fe=(2)
810 1 0 1 1 0 0 1
+7 1 0 1
-5 1 0 1
1808 2 1
2038 3 1 0 0 1 0 0 1
2161 3 1 0 1 0 0 1
+7 1 0 1
+2 3
+1 1 1
-1 2
+2 10 0 0 1 0 0 1
+2 4 4 0 0 1
-2 8
+2 4 4
+5 8 8
+2 8
+6 4 0 4
+2 8 4 0 0 1
+1 24 6 3 0 2
cfi=(54) /build/glibc-kAz5Pl/glibc-2.27/elf/dl-reloc.c
cfn=(186) _dl_relocate_object
calls=3 148 
* 74029 18857 7992 149 967 274 149 869 256
+4 10 5 0 1 1 0 1
+1 2 0 1
cfi=(31)
cfn=(288)
calls=1 887 
* 20 8 5 2 1 0 2
* 1
-12 1 0 1 1 0 0 1
+1 1 1
-3 2
+29 4 2 0 1 0 0 1
+2 1 0 1
+7 3 1 1
cfi=(31)
cfn=(290)
calls=1 437 
* 145 33 31 9 2 4 9 0 4
+3 2 1
-25 4 0 0 1 0 0 1
+2 2
+6 1 1 0 1 0 0 1
-6 1 0 1 0 0 1
+6 1
+26 3 2
+2 4 1
+15 1
+2 1 0 1 1 0 0 1
-2 2
+3 1 1
-3 1
+3 1
-3 1
+3 3 0 1
cfi=(54)
cfn=(186)
calls=1 148 
* 6477 1723 778 4 54 4 2 26
+1 4
+2 2 0 1
+8 1 0 1
cfi=(7) /build/glibc-kAz5Pl/glibc-2.27/elf/../elf/dl-sysdep.c
cfn=(292) _dl_sysdep_start_cleanup
calls=1 260 
* 1 1
+4 2 1 0 1 0 0 1
+20 3 0 1
cfi=(30)
cfn=(90)
calls=1 49 
* 8 3
+1 1 0 1
+1 1 0 1
cfi=(30)
cfn=(94)
calls=1 74 
* 1 1
+5 1 0 1
cfi=(49) /build/glibc-kAz5Pl/glibc-2.27/elf/dl-cache.c
cfn=(294) _dl_unload_cache
calls=1 326 
* 15 4 2 3 1 0 2
+5 8 7 0 0 2
2094 1 0 0 1 0 0 1
+13 1 1
-9 1 1
-4 1 0 1
+10 1 1
-6 1 0 1
+6 1 0 1
+3 1
1753 1 0 0 1 0 0 1
+1 1 1
-1 2 1 1
+1 1
+2 1 0 0 1 0 0 1
+2 3
+2 1 1
-4 1 0 1
+4 2
+14 4 3 0 1 0 0 1
+1 2 1 1
+1 3 1
-64 5 0 0 1 0 0 1
+1 1
-1 3
+4 3 0 1
+1 1 1 0 1 0 0 1
+1 2
+1 2
+32 2 0 1 1 0 0 1
2565 3 0 1 2 0 1 2 0 1

fn=(52)
784 5 0 5 1 0 2 1 0 1
+1 5 5

fn=(172)
621 2 0 1 1 0 0 1
+2 4 2 1
cfi=(53)
cfn=(174)
calls=1 362 
* 2641 790 263 29 29 16 29 27 16
* 2
+4 2 2

fn=(2)
444 9 0 6 1 0 1 1 0 1
+19 4
fi=(3)
48 1 1 0 0 1 0 0 1
fe=(2)
463 1 0 1 0 0 1 0 0 1
fi=(5)
59 3 1 0 1 1 0 1 1
fi=(3)
-11 1
fe=(2)
489 1 0 1 0 0 1 0 0 1
-3 1 0 1 0 0 1 0 0 1
fi=(3)
48 1
+25 2
-3 1
-7 1 0 0 1 0 0 1
+5 1
+3 1
+2 1
-6 1
+3 1
-3 2
-3 16 0 4 0 0 2 0 0 2
+10 4
-26 12 4 0 0 1 0 0 1
+16 13 0 13 0 0 3 0 0 3
+10 13
-26 39 13 0 0 4 0 0 4
+26 1
-26 3 1
+2 36 0 0 1 0 0 1
+13 20
+2 4
+16 2 0 0 1 0 0 1
+20 4 1 1
+1 4 1 1
+1 4 1 1
+1 4 1 1 1 0 0 1
+2 4 1 1
+5 4 1 1
+1 4 1 1
+1 4 1 1 1 0 0 1
+6 3 1
+5 2 1
+7 3 1
+1 3 2
+8 3 1 0 1 0 0 1
+3 3 1 0 0 1 0 0 1
+4 2 1
+1 2 1 0 1 0 0 1
fe=(2)
500 2
393 1
507 1 0 1 0 0 1 0 0 1
393 1 0 1 0 0 1 0 0 1
cfi=(6)
cfn=(10)
calls=1 939 
* 23 7 6 3 1 1 3 1 1
+1 2 0 1 1 0 0 1
+1 2 0 1
+1 2 0 1
+1 2 0 1 0 0 1 0 0 1
+8 1
+9 1
-9 3 0 0 1 0 0 1
+9 1
-6 1 0 1
-3 1 0 1
+9 1 0 1
cfi=(7)
cfn=(12) _dl_sysdep_start
calls=1 88 
* 122806 29432 11279 657 1229 497 654 1088 474
* 1 0 0 1
+9 4
+3 1 1 0 0 1
+4 1 1
-4 1 0 1 0 0 1
+4 1
532 9 7 0 1 1
-27 27 9 0 2 0 0 2
fi=(4) /build/glibc-kAz5Pl/glibc-2.27/elf/do-rel.h
84 1 1 0 1 0 0 1
+27 1
-28 1 1
+28 2
+1 2 1 0 0 1 0 0 1
fi=(5)
540 2 1
fi=(4)
112 76 38 0 0 4 0 0 4
fi=(5)
540 76 38 0 0 5 0 0 5
+1 39 39 0 0 5 0 0 5
fi=(4)
111 39
fi=(5)
541 39
fi=(4)
111 39
fi=(5)
541 39 0 39 0 0 21 0 0 21
fi=(4)
111 39
+5 2 1 0 1 0 0 1
+8 1
fi=(5)
335 1
+87 1
fi=(4)
124 2
+12 1 1
+3 1 1
-3 1
+3 1
-3 1
fi=(5)
301 1
fi=(4)
137 1
fi=(5)
301 1
fi=(4)
137 1
fi=(5)
301 1 0 0 1 0 0 1
fi=(4)
136 8 8 0 0 2 0 0 2
+3 8 8
-3 8
+3 8
-3 8
fi=(5)
301 8
fi=(4)
137 8
fi=(5)
301 8
fi=(4)
137 8
fi=(5)
301 8
+9 27
+3 9 9 0 0 7 0 0 7
-3 18 18 0 0 1 0 0 1
+3 27
+22 54 9 0 0 1 0 0 1
fi=(3)
68 4 0 0 1 0 0 1
fi=(4)
+56 28
fi=(5)
354 27 9 9 1 1 2 1 1 2
fi=(3)
71 4 0 0 1 0 0 1
+1 1
+1 2 0 1 0 0 1 0 0 1
fe=(2)

fn=(114)
588 1 0 1 1 0 0 1
+2 1 1
-2 1
+3 2 2
-1 3
+1 3 0 1
cfi=(24)
cfn=(116)
calls=1 2080 
* 2375 519 278 89 24 29 89 24 29
* 1 0 1
+2 2 2

fn=(178)
687 1 1
-6 1 0 1
+2 2 1 1
+4 1
+10 4 0 1
cfi=(19)
cfn=(42)
calls=1 92 
* 27 4 3
* 1 1
+11 1 1 0 1 1 0 1 1
-15 1
+3 1 0 1
+6 1
+2 1 0 1
-11 1 0 1
+15 1
+2 1 1 0 1 0 0 1
-1 1
+1 15
+2 8 4
+4 1
+2 1
-2 1 0 1
-5 8 4
+9 2
+3 1 0 1 1 0 0 1
cfi=(31)
cfn=(180)
calls=1 141 
* 66 14 9 6 0 0 6
+7 1 0 1
cfi=(31)
cfn=(182)
calls=1 332 
* 389 19 306 4 0 37 4 0 37
+1 1
-1 1
+1 1
+6 1 1 0 1 0 0 1
+3 1
-3 1 0 1
+3 6 0 2
+3 1 0 1 1 0 0 1
+2 1
+1 3 2

fn=(96)
837 5 0 4 1 0 0 1
+1 1
-1 4 0 1
+5 2 1
+3 3 0 1 0 0 1 0 0 1
cfi=(32) /build/glibc-kAz5Pl/glibc-2.27/string/../sysdeps/x86_64/strcspn.S
cfn=(98) strcspn
calls=1 30 
* 218 100 34 3 1 4 3 1 4
* 1 0 0 1 0 0 1
+1 3
+9 1
+4 1
-2 2 1
+2 1 0 1
cfn=(100)
calls=1 120 
* 14 5 2 1 0 0 1
* 2
+1 4 0 1
cfn=(102)
calls=1 750 
* 2491 552 317 99 24 32 99 24 32
* 1
-18 2 1
+21 8 6
-15 4 0 1
cfi=(20)
cfn=(48)
calls=1 129 
* 18 5 4 1 0 1 1 0 1
+1 2 0 1

fl=(94)
fn=(376)
71 4 0 4 1 0 0 1
+3 4
+2 4
+10 4 4 0 0 1
+6 4 0 4 0 0 1
+1 4 0 4
+1 4 0 4
+1 4 0 4
+1 4 0 4
+1 4 0 4
+1 4 0 4
+4 4
+1 4
+3 4 0 4 0 0 2
+1 4 0 4 1 0 0 1
+2 4 0 4
+1 4 0 4
+1 4 0 4
+1 4 0 4
+1 4 0 4
+1 4 0 4
+2 4 0 136 0 0 4 0 0 3
+7 4 4 0 1 0 0 1
+1 4 4
+1 4 0 4
cfi=(95)
cfn=(378)
calls=4 -59 
* 3227 893 352 11 76 7 9 13
+1 4
+5 4
+1 4
+1 4 144
+2 4 4
+1 4 4
+1 4 4
+1 4 4
+1 4 4
+1 4 4
+1 4 4
+2 4
+2 4 4 0 1 0 0 1
+4 4
+3 4

fn=(377)
71 2 0 2
+3 2
+2 2
+10 2 2 0 0 1
+6 2 0 2 0 0 1
+1 2 0 2
+1 2 0 2
+1 2 0 2
+1 2 0 2
+1 2 0 2
+1 2 0 2
+4 2
+1 2
+3 2 0 2 0 0 1
+1 2 0 2
+2 2 0 2
+1 2 0 2
+1 2 0 2
+1 2 0 2
+1 2 0 2
+1 2 0 2
+2 2 0 68 0 0 9
+7 2 2
+1 2 2
+1 2 0 2 0 0 1
cfi=(95)
cfn=(378)
calls=2 -59 
* 2071 557 196 2 76 19 2 5
+1 2
+5 2
+1 2
+1 2 72
+2 2 2
+1 2 2
+1 2 2
+1 2 2
+1 2 2
+1 2 2
+1 2 2
+2 2
+2 2 2
+4 2
+3 2

fl=(44)
fn=(140)
109 45 0 0 2 0 0 1
+2 9
+1 9
+1 2
+1 2
+60 2
+1 2
+10 2 0 0 1 0 0 1
+1 2 0 2 0 0 2 0 0 2
+1 2
+1 2 0 2 0 0 2 0 0 2
+1 2 0 2
+1 2 0 2
+1 2 0 2 0 0 1 0 0 1
+1 2 0 2
+1 2 0 2
+1 2 0 2
+1 2
+1 2
+1 2
+1 2
+2 31 0 31 0 0 28 0 0 28
+1 31 0 31
+1 31 0 31
+1 31 0 31
+1 31
+1 31
+1 31
+1 2 2
+15 7 0 0 2 0 0 1
+1 7
+1 7
+1 6
+1 6
+1 2
+1 2
+24 1 0 1 1 0 1 1 0 1
+1 1 0 1
+2 1 1
+3 4 0 4 1
+1 4 0 4
+2 4 4
+3 2 0 2
+1 2 0 2
+2 2 2

fl=(49)
fn=(162) _dl_cache_libcmp
142 44 22 0 1 9 0 1 9
+2 232 0 0 1 0 0 1
+20 112
+2 112
+4 47
-28 47 47
+29 94 47 0 0 2 0 0 2
-29 94
+4 4
+8 2 2
-2 4
+1 4 0 0 1 0 0 1
+1 4
-2 2
+2 2
+2 6 2
-3 2
+3 2
+2 4
cfn=(163) _dl_cache_libcmp'2
calls=2 -16 
* 14 6
+9 18 9 0 1 0 0 1

fn=(163)
142 8 4
+32 6 2

fn=(156) _dl_load_cache_lookup
187 9 0 6 1 0 0 1
+8 2 1
+3 3 1 0 0 1 0 0 1
+51 4 1 0 1 0 0 1
+11 1 1
-2 1
fi=(50) /build/glibc-kAz5Pl/glibc-2.27/elf/../sysdeps/x86/dl-procinfo.h
39 1
fe=(49)
258 2 0 1
fi=(50)
39 3 0 1
+3 3 0 1 1 0 0 1
cfi=(21)
cfn=(56)
calls=1 144 
* 24 7
* 2
fe=(49)
264 4 0 1 1 0 0 1
cfi=(9)
cfn=(26)
calls=1 373 
* 18 4 1
* 1 1
fi=(26)
28 2
fe=(49)
264 1 0 1
fi=(26)
28 2
fe=(49)
285 1 1
-19 2
fi=(26)
32 2
fe=(49)
285 2 1
-15 2 1 1
+15 1 0 0 1 0 0 1
-15 1 0 1
+15 126 10 9 1 9 0 1 9
cfn=(162)
calls=9 142 
* 635 101 0 4 11 0 4 11
* 70 3 3 2 0 0 2
cfn=(162)
calls=1 142 
* 70 11
* 4 0 1
cfn=(162)
calls=1 142 
* 145 23
* 7 3 0 1 0 0 1
-15 2 2
+15 7 1 3
-14 2
-1 3 0 1 1 0 0 1
+15 24 9 1 2 0 0 2
+16 2 1
+4 2 1
+8 3 1 1 1 0 0 1
cfi=(13)
cfn=(28)
calls=1 79 
* 34 5
* 2
+1 1
-1 4
+1 2 0 1
cfi=(20)
cfn=(48)
calls=1 129 
* 10 3 2
+1 2 0 1
cfi=(29)
cfn=(84)
calls=1 40 
* 80 14 9 0 0 1 0 0 1
+1 8 7
201 4 0 1 1 0 1 1 0 1
cfi=(35)
cfn=(158)
calls=1 44 
* 107 16 16 3 0 0 3
+8 1
-8 1
+8 4 1
+1 7 3 0 1 1 0 1 1
+7 1 1
-3 1 0 1
+3 3
+3 1
+1 2 0 0 1 0 0 1
-1 1 0 1
+1 1
+1 8 3 0 0 1 0 0 1
+63 3 0 0 1 0 0 1
fi=(50)
42 3 0 1 1 0 0 1
fe=(49)

fn=(294)
326 4 1 0 1 1
-1 1
+3 2 1 1 1 0 0 1
cfi=(51) /build/glibc-kAz5Pl/glibc-2.27/misc/../sysdeps/unix/syscall-template.S
cfn=(296) munmap
calls=1 78 
* 5 1 0 1 0 0 1
+1 1 0 1
+2 2 1

fl=(36)
fn=(122)
39 11 0 0 1 0 0 1
fi=(37) /build/glibc-kAz5Pl/glibc-2.27/io/../sysdeps/unix/sysv/linux/open64.c
-3 11 0 11 0 0 1 0 0 1
+3 66
+8 77 0 0 1 0 0 1
+2 3 3
-2 24 0 8 1 0 0 1
+2 8 8
fe=(36)

fl=(15)
fn=(34)
29 3 3 0 1 0 0 1
+3 10 3
+13 60
-13 180 60
+2 124 62
+1 24 12
+5 2 0 0 1 0 0 1
-3 2
+3 2 0 2
+2 2 2
+7 1 1

fl=(16)
fn=(36)
24 2 0 0 1 0 0 1
+1 2
+1 2
+1 2 0 0 1 0 0 1
+1 2
+1 2
+1 2
+1 2
+3 2
+1 2
+1 1 1
+1 1 1 0 0 1 0 0 1
+1 1
+1 1
+1 1
+1 1
+1 1
+2 2
+1 2 0 0 1 0 0 1
+1 1 1
+1 1 1
+1 1
+1 1
+1 1
+1 1
+1 1
+2 2
+1 2
+1 2 2
+1 2 2 0 0 1 0 0 1
+1 2
+1 2
+1 1
+1 1
+1 1
+2 1
+1 1
+1 1 1
+1 1 1 0 1 0 0 1
+1 1
+1 1
+29 2 0 0 1 0 0 1
+1 2
+15 2
+1 2 2

fl=(41)
fn=(134)
44 18 0 0 1 0 0 1
+3 9
-6 108 0 54 1 0 1 1 0 1
+6 9
+5 90
+2 63 63
-7 10 1 0 1 0 0 1

fl=(8) /build/glibc-kAz5Pl/glibc-2.27/elf/../sysdeps/x86/cpu-features.c
fn=(24) get_common_indeces.constprop.1
34 2 0 1 1 0 0 1
+4 4
+3 3 0 1
+4 1
-4 1 0 1
+4 1
-4 1 0 1
+3 1 0 1
+1 2 0 1
+1 4 0 1 1 0 0 1
+1 4 0 1
+1 3 0 1
+1 2 1
+7 2 1
+1 7 0 4 1 0 0 1
+7 3 1
+4 2
+2 4
+40 2 1 0 1 0 0 1
+4 4
+1 2
+3 1
+7 1
-8 1
+4 1
+2 1 0 1
-2 1 0 1
+4 2
+3 2
+50 3 2
74 2 0 0 1 0 0 1
+3 3 1 0 0 1 0 0 1
+3 1 1 0 1 0 0 1
-3 1 0 1
+3 1
+2 2 0 1
+2 2
+7 3
-5 2 0 1 1 0 0 1

fl=(32)
fn=(98)
30 1 0 0 1 0 0 1
+7 1
+1 1
+2 1 0 0 1 0 0 1
+1 1
+1 1
+1 1
+1 33 0 32 0 0 4 0 0 4
+3 2
+7 1 1
+1 1
+1 1
+1 1 0 1
+2 1 1
+1 1
+1 1
+1 1 0 1
+2 1 1
+1 1
+1 1
+9 3 0 0 1 0 0 1
+12 1
+2 1 1
+1 1 1
+1 1
-4 11
+2 11 11
+1 11 11
+1 11
+2 12 12
+1 12 12
+1 12
+2 12 12 0 0 1 0 0 1
+1 12 12
+1 12
+2 12 12
+1 12 12
+1 12
+2 1
+1 1
+1 1
+2 1
+7 1
+4 1 1

fl=(38) /build/glibc-kAz5Pl/glibc-2.27/io/../sysdeps/unix/sysv/linux/read.c
fn=(126) read
27 8 0 0 1 0 0 1
+1 2 2

fl=(21)
fn=(56)
144 206 0 0 1 0 0 1
+1 206
+2 206
+1 206
+21 206
+1 206
+1 127
+1 127
+1 110 110 0 0 13 0 0 8
+1 110 110 0 0 12 0 0 2
+1 110 110
+1 110 110
+21 110
+1 110
+1 110
+1 110
+1 110
+1 110
+1 110
+5 5
+1 5
+9 5
+1 5
+1 5
+1 5
+1 5
+1 5
+1 5
+1 5
-7 96 0 0 1 0 0 1
+1 96
+1 96
+1 96
+1 96
+1 96
+1 96
+1 96
+1 37
+1 17
+1 17
+1 17
+2 17
+1 17
+1 17 0 0 1 0 0 1
+1 17 17 0 0 3 0 0 1
+1 17
+1 17
-5 20
+1 20
+1 20
+1 20 20 0 0 3 0 0 1
+1 20
+1 20
+10 64 64 0 0 1
+1 64
+1 64
+2 64 64
+6 64
+1 64
+1 64
+1 64
+1 64
+5 64
+2 64
+1 64 0 0 1 0 0 1
+1 128
+8 64 64 0 0 1
+1 64 64
+3 64
+1 64
+1 64
+1 64
+1 64
+1 64
821 2 0 0 1 0 0 1
+1 2 2 0 0 1 0 0 1
+1 2 2 0 0 1
+1 2
+1 2 0 0 1 0 0 1
+2 2
+1 2
+1 2
+1 2
+1 2
+1 2
+1 2
+1 2 2
+4 2
+1 2
+1 2
+6 2
+1 2
+1 4 0 0 1 0 0 1
+4 2
+1 2
+3 2 2 0 0 1 0 0 1
+1 2 2
+1 2
+3 2
+1 2
+1 2
+6 2
+1 2
+1 2 0 0 1 0 0 1
+1 2
+1 2
+1 2
+72 3 0 0 1 0 0 1
+1 3 3
+1 3 3
+1 3
+1 3 0 0 1 0 0 1
+2 3
+1 3
+1 3
+1 3
+1 3
+1 3
+1 3
+1 2 2
+4 2
+1 2
+1 2
+6 2
+1 2
+1 4 0 0 1 0 0 1
+4 2
+1 2
+3 2 2
+1 2 2 0 0 2 0 0 2
+1 2
+3 2
+1 2
+1 2
+6 2
+1 2
+1 2 0 0 1 0 0 1
+1 2
+1 2
+1 2
+7 1
+1 1
+2 1
+1 1
+2 1 1
+1 1 1
+1 1
+3 1
+1 1
+1 1
+6 1
+1 1 0 0 1 0 0 1
+1 1
+1 1
+1 1
+1 1
+41 4 0 0 1 0 0 1
+1 4 4
+1 4 4
+1 4
+1 4 0 0 1 0 0 1
+2 4
+1 4
+1 4
+1 4
+1 4
+1 4
+1 4
+1 1 1
+4 1
+1 1
+1 1
+6 1
+1 1
+1 2 0 0 1 0 0 1
+4 1
+1 1
+3 1 1
+1 1 1
+1 1
+3 1
+1 1
+1 1
+6 1
+1 1
+1 1 0 0 1 0 0 1
+1 1
+1 1
+1 1
+72 3 0 0 2 0 0 1
+1 3 3 0 0 1 0 0 1
+1 3 3
+1 3
+1 3 0 0 2 0 0 1
+2 3
+1 3
+1 3
+1 3
+1 3
+1 3
+1 3
+1 1 1
+4 1
+1 1
+1 1
+6 1
+1 1
+1 2 0 0 1 0 0 1
+4 1
+1 1
+3 1 1
+1 1 1
+1 1
+3 1
+1 1
+1 1
+6 1
+1 1
+1 1 0 0 1 0 0 1
+1 1
+1 1
+1 1
+72 3 0 0 1 0 0 1
+1 3 3 0 0 1 0 0 1
+1 3 3
+1 3
+1 3 0 0 1 0 0 1
+2 3
+1 3
+1 3
+1 3
+1 3
+1 3
+1 3
1696 2 0 0 2 0 0 1
+1 2 2 0 0 1 0 0 1
+1 2 2 0 0 1 0 0 1
+1 2
+1 2 0 0 1 0 0 1
+2 2
+1 2
+1 2
+1 2
+1 2
+1 2
+1 2
+1 1 1
+4 1
+1 1
+1 1
+6 1
+1 1
+1 2 0 0 1 0 0 1
+4 1
+1 1
+3 1 1 0 0 1 0 0 1
+1 1 1
+1 1
+3 1
+1 1
+1 1
+6 1
+1 1
+1 1 0 0 1 0 0 1
+1 1
+1 1
+1 1
+7 1
+1 1
+2 1
+1 1
+2 1 1
+1 1 1
+1 1
+3 1
+1 1
+1 1
+6 1
+1 1 0 0 1 0 0 1
+1 1
+1 1
+1 1
+1 1
+41 12 0 0 1 0 0 1
+1 12 12 0 0 1
+1 12 12 0 0 3 0 0 1
+1 12
+1 12 0 0 1 0 0 1
+2 12
+1 12
+1 12
+1 12
+1 12
+1 12
+1 12
+1 12 12
+4 12
+1 12
+1 12
+6 12
+1 12
+1 24 0 0 1 0 0 1
+4 12
+1 12
+3 12 12 0 0 1 0 0 1
+1 12 12 0 0 2
+1 12
+3 12
+1 12
+1 12
+6 12
+1 12
+1 12 0 0 1 0 0 1
+1 12
+1 12
+1 12
+72 6 0 0 1 0 0 1
+1 6 6 0 0 1 0 0 1
+1 6 6
+1 6
+1 6 0 0 1 0 0 1
+2 6
+1 6
+1 6
+1 6
+1 6
+1 6
+1 6
+1 2 2
+4 2
+1 2
+1 2
+6 2
+1 2
+1 4 0 0 1 0 0 1
+4 2
+1 2
+3 2 2 0 0 1 0 0 1
+1 2 2
+1 2
+3 2
+1 2
+1 2
+6 2
+1 2
+1 2 0 0 1 0 0 1
+1 2
+1 2
+1 2
+72 2 0 0 1 0 0 1
+1 2 2 0 0 1 0 0 1
+1 2 2
+1 2
+1 2 0 0 1 0 0 1
+2 2
+1 2
+1 2
+1 2
+1 2
+1 2
+1 2
2200 85
+2 85
+1 85
+1 85
+1 85
-3 16 0 0 1 0 0 1
+1 16
+1 16
+1 16 0 0 1 0 0 1
+1 51
+5 17
+6 17 17
+1 17 17
+8 17
+1 17 17
-16 189
+6 189 189
+1 189 189
+8 189
+1 189 189

fl=(24)
fn=(120) open_verify.constprop.8
1598 100 0 60 1 0 0 1
+39 10 10
-39 30 10 20 1 0 1 1 0 1
+39 10
-39 10 0 10
+39 10
+31 40 10 10 0 0 1 0 0 1
cfi=(36)
cfn=(122)
calls=10 39 
* 184 10 18 3 0 1 3 0 1
+2 10
-2 10
+2 12
+10 2 0 2 1 0 0 1
+1 4 0 2
+5 12 0 2
cfi=(38)
cfn=(126)
calls=2 27 
* 10 2 0 1 0 0 1
+2 4
+2 2 2
+2 2
-2 2 0 2
+2 2
+6 4 0 0 1 0 0 1
+16 32 18 0 1 2 0 1 2
+74 4 2
+5 4 2
+2 8 2 0 1 0 0 1
+6 4
+11 4 2 0 0 1 0 0 1
+6 2 2
+1 2 2
+1 2
-2 6
+1 6 0 0 1 0 0 1
+21 94
+2 42 19 0 1 13 0 1 13
+13 6
+3 8 4
+1 2
+12 12 0 0 1 0 0 1
-3 18 12 0 0 3 0 0 3
+15 2
+3 1 1
+1 3 1 0 1 0 0 1
+1 1 1
-1 1
-1 1
+3 3 1
+1 3 1
1650 8
1918 90 70 0 1 0 0 1
1714 2 1 0 1 0 0 1
1871 12 4 0 1 0 0 1
+3 2
-4 2
+4 4 0 0 1 0 0 1
+5 1
+1 2
-51 2 1 0 1 0 0 1

fn=(116)
2080 21 0 18 1 0 1 1 0 1
+8 3
-8 6 0 6 0 0 3 0 0 3
+8 3
+1 12 3 0 0 1 0 0 1
+3 42 9 0 1 0 0 1
+5 49 7
+2 21 0 7 1 0 1 1 0 1
cfi=(35)
cfn=(118)
calls=7 282 
* 777 170 31 9 0 0 9
* 14
+4 12 6
+1 18 6
+3 2 2
+1 2 2
+1 2
-1 2 2
+1 2 0 2
cfi=(21)
cfn=(56)
calls=2 144 
* 48 14
* 4
2391 27 21
2125 12 2 2 2 0 0 2
+10 6 2
-53 2 0 2
+89 4
-2 2 0 2 0 0 2 0 0 2
+2 2 0 2
cfi=(28)
cfn=(82)
calls=2 24 
* 46 6
* 4
2322 5 0 1 1 0 0 1
cfn=(80) expand_dynamic_string_token
calls=1 320 
* 154 26 16 3 0 2 3 0 2
+1 1
-3 1 0 1
+3 2
+4 9 0 2
cfn=(120)
calls=1 1598 
* 224 48 15 16 10 1 16 10 1
+3 1
-3 1 0 0 1 0 0 1
+3 3 2
+12 4 1
+46 1 1
+1 3
-1 1 0 1
+1 9 3 5 1 0 0 1
cfn=(128) _dl_map_object_from_fd
calls=1 808 
* 1593 357 213 57 13 22 57 13 22
-1 1 1
+1 3
-1 1 0 1
+1 9 3 5
cfn=(128)
calls=1 808 
* 1709 314 338 6 12 50 6 12 50
* 6
2171 1 1 0 1 0 0 1
+4 2 0 1
cfi=(13)
cfn=(28)
calls=1 79 
* 16 2
* 1
+2 1
-2 1 0 1
+2 1
+7 4 1 0 1 0 0 1
+36 12 1 4 1 0 0 1
cfn=(152) open_path
calls=1 1932 
* 1326 367 221 18 0 8 18 0 8
+6 2
-6 1
+6 3
601 3 1
2314 2 1 0 1 0 0 1
+28 5 1
+2 2
-95 1 0 0 1 0 0 1
-14 1 0 1
+14 1
+2 3 1
+4 2 0 1
cfi=(49)
cfn=(156)
calls=1 187 
* 1487 238 66 25 23 2 25 23 2
+2 1
-2 1
+2 1
+4 2
+8 3 1 0 1 0 0 1
+23 10 0 3
cfn=(120)
calls=1 1598 
* 218 54 15 2 9 0 2 9
+4 2
-4 1 0 0 1 0 0 1
+4 3 2
+1 2 0 1
-88 8 3 1 1 0 0 1
601 3 1
2219 2 1 0 1 0 0 1
+1 2
-32 1 1 0 1 0 0 1
+1 2 0 1
-1 3 0 1 1 0 0 1
+8 7 0 3
-3 3 1
601 3 1 0 2 0 0 2
2194 2 1 0 1 0 0 1
+14 2

fn=(80)
320 12 0 8 1 0 0 1
+10 4
-10 2
+10 2 0 2 0 0 1 0 0 1
cfi=(28)
cfn=(82)
calls=2 24 
* 70 9 0 5 0 0 5
* 4
+15 2
-11 2
+11 8 8
-11 2 0 0 1 0 0 1
cfi=(29)
cfn=(84)
calls=2 40 
* 150 27 20 3 0 1 3 0 1

fn=(76) fillin_rpath
389 7 0 6 1 0 0 1
+2 1
-2 9 0 6
+4 3 2 1 1 0 0 1
cfi=(19)
cfn=(78) strsep
calls=1 265 
* 281 46 1 2 0 0 2
* 3 2 1
cfi=(19)
cfn=(78)
calls=1 265 
* 7 3
* 6
+7 2 1
+2 3 1 1
cfn=(80)
calls=1 -82 
* 104 18 14 7 0 0 7
+4 1
-4 1
+4 1
+5 2 0 1 1 0 0 1
cfi=(13)
cfn=(28)
calls=1 79 
* 16 2
+1 2
+7 6 1
+9 17 5 0 1 0 0 1
+1 8 4 0 1 0 0 1
+57 2 1 1
cob=(2)
cfi=(18)
cfn=(86) 0x0000000004000f00
calls=1 0 
* 5 3 0 2 0 0 2
* 1
-39 2 1 0 1 0 0 1
+4 7 2 2 1 0 0 1
-1 1 0 1
cfi=(19)
cfn=(46)
calls=1 50 
* 18 3 3
* 1 1
+3 3 1
+5 1
+1 2
-2 2 0 2 1 0 1 1 0 1
+2 1 0 1
cfi=(20)
cfn=(74)
calls=1 116 
* 12 3 2 0 0 1 0 0 1
+3 1 1
-2 1 1
-1 1 0 1
+1 1 0 1
+2 1
+6 4 1
+1 4
+1 1 0 1 1 0 0 1
-1 3
+1 7 0 7
-1 21
+4 1 1
-1 1 1
+1 1
-1 1 0 1
+1 1
+8 1 0 1
-1 1 0 1
+4 3 0 1
-37 2 0 1 1 0 0 1
-28 1 0 0 1 0 0 1
+5 4 0 2
+66 1 0 1
+3 9 7
-15 2 0 1 1 0 0 1

fn=(66)
623 1 0 1 1 0 0 1
+13 3 1 0 1 0 0 1
-13 5 0 3
+13 1 1
-13 1 0 1
+13 1 0 1
cfi=(25)
cfn=(68)
calls=1 42 
* 715 98 97 27 2 5 27 2 5
+5 1
-5 1 0 1 0 0 1 0 0 1
+5 1 0 1
cfi=(19)
cfn=(46)
calls=1 50 
* 18 3 3
* 1 1
+1 1
-2 1 0 1
+2 1
+8 2 1 0 1 0 0 1
-1 1
+1 1
-1 3
+4 4 0 1
cfi=(19)
cfn=(46)
calls=1 50 
* 18 3 3
* 1 1
+2 1
-2 1 0 1
+2 1 0 0 1 0 0 1
+29 1
-9 1
-3 1
+5 1
-1 1
-15 1 0 1
+23 1
-9 1 0 1 0 0 1 0 0 1
-13 1 0 1
+10 1 0 1 1 0 0 1
+1 2 0 1
+3 1 0 1 0 0 1 0 0 1
-12 1
+20 1
-3 16
+1 4 0 4
-1 12
+1 28 0 28 0 0 2 0 0 2
-1 84
+3 18 0 0 1 0 0 1
-8 3 3 0 0 1 0 0 1
-6 3 0 3
+10 3 3 0 0 1 0 0 1
+4 3 0 3
-12 3 0 3 0 0 1 0 0 1
+4 3 0 3 0 0 1 0 0 1
-3 3 0 3
+4 3
-2 3 0 3
+5 3
-3 6
+18 1 1 0 1 0 0 1
-11 1 0 1
+6 1 0 1 0 0 1 0 0 1
+1 1 0 1
+5 2
+2 4 1
+2 3 1 0 1 0 0 1
+38 4 1
-19 1 1 0 1 0 0 1
-2 2 0 1
+2 2
+21 2 0 1 1 0 0 1
cfi=(13)
cfn=(28)
calls=1 79 
* 16 2
* 8 0 1 1 0 0 1
cfi=(20)
cfn=(48)
calls=1 129 
* 10 3 2
* 1
+5 4 1
-1 2
+2 56
-1 57 14 0 1 0 0 1
+5 1 0 1
cfi=(19)
cfn=(46)
calls=1 50 
* 18 3 3
* 1 1
+1 1
-2 1 0 1
+2 1
+6 7 0 1
cfn=(76)
calls=1 389 
* 612 112 62 23 0 2 23 0 2
+3 3 2
+6 1 0 1
+4 7 6
-37 2 0 1 1 0 0 1

fn=(128)
808 22 0 14 1 0 1 1 0 1
+10 2 2
-10 2 0 2 0 0 1 0 0 1
+10 2
-10 6 0 6 1 0 0 1
+10 2 0 2 0 0 1 0 0 1
cfi=(30)
cfn=(90)
calls=2 49 
* 16 6
fi=(39) /build/glibc-kAz5Pl/glibc-2.27/elf/../sysdeps/posix/dl-fileid.h
37 6
fe=(24)
818 2 0 2
fi=(39)
37 2 0 2
cfi=(40)
cfn=(132)
calls=2 -3 
* 20 2 0 1 0 0 1
* 4
+4 2 2 0 0 1 0 0 1
fe=(24)
834 2 0 0 1 0 0 1
fi=(39)
40 2 2
+1 2 0 2
fe=(24)
834 27 9
+1 10 5 0 1 0 0 1
fi=(39)
49 13 7 0 0 1 0 0 1
fe=(24)
1346 18 14
852 4 2 0 1 0 0 1
+24 8 2 2
+10 4 2 0 1 0 0 1
+22 8 4
+32 4
819 2 0 2
943 14 10 2 1 0 0 1
cfi=(17)
cfn=(38)
calls=2 59 
* 758 148 106 5 2 15 5 2 15
+1 2
-1 2
+1 2
+11 4 4
+5 2 2
-5 2 0 2 0 0 2 0 0 2
+1 2 2
+5 2
-5 2 0 2
+1 2 2
+2 2 0 0 1 0 0 1
-2 2 0 2
+2 4
+1 6 2
+20 2
-2 2 0 2
+10 2
-8 12 0 0 1 0 0 1
+8 2
-8 2
+8 2
+97 4 2 2
-97 2
-6 2 0 2
-1 2
-5 2 0 2
1085 10 0 4 1 0 0 1
-96 32
-1 133 19
+1 107 19 0 1 2 0 1 2
+6 4 2
+5 4 2 2
+1 8 2 2 1 0 0 1
+11 30 12 0 1 0 0 1
+5 48 12 0 1 0 0 1
+9 18
-1 18
+1 6 0 6 0 0 2 0 0 2
+1 12 6
+2 6 6
-2 6
+1 6 0 6 0 0 1 0 0 1
-1 6
+3 6
+4 6
-7 6 0 6 1 0 0 1
+3 6 0 6 0 0 2 0 0 2
-1 6 0 6
+5 6
+1 24 12 4
+5 4 4
-1 4
+1 4
-15 4
+14 4
+1 20 0 4
+10 4
-10 2 2
-1 2
+1 2
-15 2
+14 2
+1 10 0 2 1 0 0 1
+10 2
-44 2 1 1
+1 1
+46 3 1
+4 1 0 1 1 0 1 1 0 1
+1 1 1
+1 1
-1 2 1 1
+1 1
+4 1 1
+3 1 0 1
-3 1 0 1
+7 4 1
+6 1 0 1
cfi=(31)
cfn=(164)
calls=1 51 
* 6 3 1 1 0 0 1
* 1 0 1
+1 1
+19 4 2 2 1 0 1 1 0 1
+1 4 2 2
+1 2
-6 4 2 2 1 0 0 1
+1 2
+8 10 4
956 2 2
1110 2
956 2 0 2 1 0 0 1
1110 2
+10 4 2
fi=(42) /build/glibc-kAz5Pl/glibc-2.27/elf/./dl-map-segments.h
50 2 2
+6 6 4
fe=(24)
1120 2
fi=(42)
56 2 2
fe=(24)
1120 4 2 2 1 0 0 1
fi=(42)
50 2
+6 4 0 4
fe=(24)
1120 6 0 2
fi=(42)
56 2 0 2 0 0 1 0 0 1
cfi=(41)
cfn=(134)
calls=2 -12 
* 72 15 12 3 0 1 3 0 1
+4 2
-4 2 0 2
+4 6 4 0 1 0 0 1
+3 4 2
+1 2
+2 2 2
-2 2 0 2
-1 2 0 2
+3 2
+14 4 0 2
fi=(43) /build/glibc-kAz5Pl/glibc-2.27/elf/./dl-load.h
+10 12 6 0 1 0 0 1
+1 6 4 2
+2 12 6
fi=(42)
+11 24 12
+45 6
-59 30 0 0 1 0 0 1
+2 24 12 4
+2 36 16 8 1 0 0 1
cfi=(41)
cfn=(134)
calls=4 -50 
* 132 28 24
* 12 4
fe=(24)
1062 4 0 1
fi=(42)
110 2 2 0 1 0 0 1
+2 2 2
-2 2
+1 2
+2 2
-1 2
+1 2
-1 6
+8 4
+3 4 2
+8 16 0 8 1 0 0 1
cfi=(44)
cfn=(140)
calls=2 -22 
* 249 2 130 4 0 32 4 0 32
* 6 6
+6 4 0 0 1 0 0 1
+4 9 1 2
cfi=(41)
cfn=(134)
calls=1 -97 
* 33 7 6
+3 3 1
-71 9 2 2 1 0 0 1
cfi=(51)
cfn=(166) mprotect
calls=1 +5 
* 5 1
* 3 1
fi=(43)
+21 5 3 0 1 0 0 1
+2 1 1
-1 3 2
+1 1 0 0 1 0 0 1
-1 1
+1 2
-1 2
+3 4 0 1
fe=(24)
1132 8 4 0 2 0 0 2
+9 4 2
fi=(3)
42 2
fe=(24)
1141 2 0 2
fi=(3)
42 2
+6 2 2 0 0 2 0 0 2
-2 2
+2 4
+15 2
+5 2
+3 2
-1 2 0 0 1 0 0 1
-3 2
-3 36 0 8 0 0 4 0 0 4
+10 8
-26 24 8 0 0 3 0 0 3
+16 35 0 35 0 0 7 0 0 7
+10 35
-26 105 35 0 0 8 0 0 8
+26 2
-26 6 2
+2 90
+13 40 0 0 1 0 0 1
+2 8
+16 4 0 0 1 0 0 1
+20 7 2 1
+1 8 2 2
+1 8 2 2
+1 8 2 2 1 0 0 1
+2 8 2 2
+5 8 2 2
+1 7 2 1 0 1 0 0 1
+1 8 2 2 1 0 0 1
+6 6 2
+5 4 2
+7 4 2
+1 6 4
+18 6 2 0 1 1 0 1 1
+5 1 1
+2 1
-2 1 0 1
+2 1
+2 2
+2 2
+3 6 2
+10 1 1 0 1 0 0 1
-8 4 1 1
+8 1
+5 2
+3 4 2
fe=(24)
1148 4
+15 6 2 0 1 0 0 1
+19 4 2 2
+2 10 4
+54 6 2 0 1 1 0 1 1
+1 2 1 1
+3 2 1 1
cfi=(45)
cfn=(144)
calls=1 27 
* 5 1
* 2 1 1
cfi=(45)
cfn=(144)
calls=1 27 
* 5 1 0 1 0 0 1
* 4
+9 4 2
+2 6 4
+2 2 2 0 1 0 0 1
-2 2 0 2
+2 2
+16 4 0 2
cfi=(6)
cfn=(10)
calls=2 939 
* 46 14 12 0 3 0 0 3
+4 4 2
+1 4 2
+17 4 2
+1 1 0 1
+8 1 1 0 1 0 0 1
-5 3 1 2
+5 2 1
-5 3 1 2
+5 1
+10 4 2
+10 6 2 2
cfi=(17)
cfn=(50)
calls=2 31 
* 82 23 22
+4 6 2 0 1 0 0 1
fi=(3)
68 8 0 0 1 0 0 1
+3 8 0 0 1 0 0 1
+1 2
+1 8 0 2
fe=(24)
1251 2 1 0 1 0 0 1

fn=(152)
1932 8 0 6 1 0 1 1 0 1
+1 1 1
+6 1
-6 1 0 1 0 0 1 0 0 1
+6 1
+5 9 2 6 1 0 2 1 0 2
-7 1 0 1
-1 1 0 1 1 0 0 1
+8 10 3
+12 4 0 1 1 0 0 1
+7 3 2
+1 1
-13 3
+12 1 0 1 0 0 1 0 0 1
cfi=(20)
cfn=(74)
calls=1 116 
* 12 3 2
* 1 0 1
+55 2 0 1
-8 6 2 1 1 0 0 1
-46 2
+46 24 8
-46 16
+3 16 8
+4 48 32 8 1 0 0 1
cfi=(20)
cfn=(74)
calls=8 116 
* 101 22 14
* 32 16 8
cfi=(20)
cfn=(74)
calls=8 116 
* 96 24 16
+3 16 0 8
+3 24 8
+3 72 40 16 1 0 1 1 0 1
cfn=(120)
calls=8 1598 
* 424 88 96 1 0 2 1 0 2
* 8
+2 40 24
+2 16
+89 9 7 0 1 0 0 1
-24 7 1 0 1 0 0 1
+7 1 0 1
-2 1 0 1 1 0 0 1
+2 4 2
+3 3 1
-13 2
-57 16 8 0 1 0 0 1
+1 64 32 0 1 0 0 1
+6 16 16 0 1 0 0 1
+2 16
-2 24 0 8
+2 16 8 8
cfi=(48) /build/glibc-kAz5Pl/glibc-2.27/io/../sysdeps/unix/sysv/linux/wordsize-64/xstat.c
cfn=(154) _xstat
calls=8 34 
* 101 8 7 1 0 0 1
* 16
+1 4 1
+2 7 0 7 1 0 0 1
-37 14
+39 2 0 1 1 0 0 1
-39 2 0 0 1 0 0 1

fl=(48)
fn=(154)
34 8 0 0 1 0 0 1
-1 8
+1 8
+1 48
+4 1 1
-4 28 7 7

fl=(6)
fn=(10)
939 12 4 0 1 0 0 1
+4 4 4
+4 8 4 4 1 4 1 1 4 1
+2 4 4 0 0 1 0 0 1
-1 4 4
+3 12
+1 4 0 4
+1 4
+3 4
-3 4 4
+7 4
-4 4
-1 4 0 4
+3 4 0 4
+2 4
-7 4 0 4 1 0 0 1
+7 4 0 4
+1 4 4

fn=(198) check_match
75 688 172 344 2 17 1 2 13 1
+3 602 172 0 0 9 0 0 8
+12 516 86 86 1 0 5 1
+3 407 42 21 0 0 3
cfi=(21)
cfn=(56)
calls=21 +51 
* 1105 179 0 23 26 0 20 19
* 42
+5 86
-1 86 86
+1 86
+2 170
+19 170 170 0 1 10 0 1 4
+1 680 255 0 0 4
+46 86
-15 86
+15 430 430 0 1 0 0 1
-18 2
+2 2 2
+1 1
-1 2
+1 3
-1 2
-29 255 170 85 1 3 0 1
cfi=(21)
cfn=(56)
calls=85 +23 
* 3902 615 0 1 8 0 1
* 255

fn=(196) do_lookup_x
338 665 0 570 1 0 4 1
+1 95 95 0 0 3
-1 570 190 380 0 0 6
+6 95
+42 95
+35 95
-76 95 95 0 1 0 0 1
+41 95
+35 190 0 95
-35 95 0 95
+35 190 95
-51 903 301 0 0 7
+8 301 301 0 0 7
-4 301 0 301
+1 301 0 301 1 0 0 1
+3 602 301 301 0 7
+1 903 602 301 0 5
+3 301 301
+1 602
+4 602 602
+3 602 602
-5 301 301 0 1 51 0 1 32
+5 903
+3 2107
-99 215
540 1492 569 0 0 1
+1 60 0 30
cfi=(35)
cfn=(118)
calls=30 282 
* 2250 630 120 0 23 3
* 90
+3 645
349 602 602 0 1 15 0 1
+3 602
+4 1204 0 301 1 0 0 1
+4 602 301 0 0 9
+4 602 301 0 0 3
+88 172 86 0 1 0 0 1
fi=(55) /build/glibc-kAz5Pl/glibc-2.27/elf/../sysdeps/generic/ldsodefs.h
102 258 86
fe=(6)
503 172
+3 648 86 0 1 0 0 1
+41 9
+1 72 63
397 261 0 0 1 0 0 1
-1 174 174 0 0 52 0 0 46
+2 174
+2 87 87
+6 696 0 435 1 0 0 1
-6 87
+6 348
+7 267
-10 875 175 0 1 64 0 1 60
+2 172 86
+1 516 172 344 0 0 1 0 0 1
-1 86
+1 86 0 86
+1 86
-2 86
+1 86 86
+1 86
-1 516 344 86 1 0 0 1
cfn=(198)
calls=86 75 
* 9664 2379 536 30 77 9 27 44 1
+4 258
510 30 10 0 0 1
+12 172 86 86 1 0 0 1
+1 86 0 86
+25 172 86
-24 86
+24 516 516
444 2 1 0 1 0 0 1
180 694 348 0 3 0 0 3

fn=(194)
790 950 0 570 1 0 2 1
555 95 95 0 0 74 0 0 71
790 380 95 285 1 0 4 1 0 1
555 285
-1 190
+2 95
-1 95
+1 285
-1 285 95 0 0 1 0 0 1
+1 1242
-1 1242
+1 3726
-1 3821 1242 0 0 14 0 0 11
792 95
+4 95 0 95 0 0 3
+4 95 0 0 1 0 0 1
-8 95 0 95 0 0 2
+1 190 0 190
+7 360 180
+5 285 95 0 0 4
+6 285 95 0 1 0 0 1
-7 1045 190 380 1 0 0 1
+15 36
-8 54 18
+2 1235 475 665 1 0 2 1
cfn=(196)
calls=95 338 
* 37073 11060 4454 47 325 23 44 182 2
+3 457 86
+25 190 95
+24 602 172 0 1 0 0 1
+31 86
+9 344 86
+14 258 86 0 0 5
+3 344 172 0 1 0 0 1
+5 86 0 86
+2 873 665
-86 54 9 0 1 0 0 1
+17 9 0 9 1 0 0 1
+1 18 0 0 1 0 0 1
+59 2 0 1 1 0 0 1

fl=(19)
fn=(78)
265 6 2 0 1 0 0 1
+2 2 2
+1 4
+4 47 1
+7 112 28
-2 56 0 0 1 0 0 1
+13 1 0 1
+4 2 2
-7 14
-15 44 14

fn=(88) free
111 4 2 0 1 0 0 1

fn=(42)
92 8 0 0 1 0 0 1
+8 8
-1 16
-3 8
+4 16
+3 8
cfn=(46)
calls=8 -53 
* 210 35 35 5 0 0 5
* 8 8 0 1 0 0 1

fn=(46)
50 87 43 0 1 0 0 1
+11 42
+3 21
-3 21 0 21
+3 42
-3 2
+3 1
-3 1 0 1
+3 86 0 0 1 0 0 1
-15 3 0 2
+20 4 1
+1 2
+2 1
+1 8 0 1 1 0 0 1
cfi=(41)
cfn=(134)
calls=1 -29 
* 35 7 6
+2 2
+2 3 1
+2 1
+3 1 0 1
-3 2 0 1
+4 1 0 1
+2 5 3
-2 21 0 21
-1 21 0 21
+3 42 21
-29 1 1 0 1 0 0 1
-1 1
+1 1 0 0 1 0 0 1
+1 2
-2 2 0 1

fl=(137)
fn=(542)
30 8 0 6 1 0 0 1
+20 3 1 0 1 1 0 1
-3 6 0 1
+3 4
+3 2 1 1 1 1 0 1
cfi=(2)
cfn=(52)
calls=1 784 
* 2 1 1
+2 1 1 0 0 1
+3 2
+2 8 3 1 0 1
+8 1
-3 1 0 1
+8 1
-5 6 0 0 1 0 0 1
+7 8 4 0 0 4
+2 8
+2 8 0 4
+1 4 0 4 0 0 4
+1 4 0 0 1 0 0 1
+4 4 0 4 0 0 2
-12 12 4
+14 6
+1 4
+6 3 0 1 1 0 0 1
cfi=(52)
cfn=(168)
calls=1 -66 
* 252 64 32 13 3 0 2
+10 2 1 1
cfi=(2)
cfn=(54)
calls=1 790 
* 2 1 1
+5 6 0 1
+2 1 1 0 1 0 0 1
+2 3 1
-2 3 3
+2 9 3
+3 8 0 4
+3 12 4 0 0 4
+4 4 2 0 0 1
+11 2 2 0 0 2
+1 2 2 0 1 0 0 1
-1 2 2 0 0 1
+2 2 2
-2 2
+2 2
+1 14 0 2
+1 2 2 2 0 2
cob=(4)
cfi=(79)
cfn=(566) 0x00000000000010e0
calls=1 0 
* 95 30 17 2 2 0 1
cob=(5)
cfi=(88)
cfn=(544)
calls=1 0 
* 96 30 17 15 4 0 9 2
* 2
-1 6 4 0 1 1 0 1
+5 4
+1 6 4 2 0 1
cob=(2)
cfi=(18)
cfn=(582) 0x0000000004026288
calls=1 0 
* 3 1 0 1 0 0 1
cob=(2)
cfi=(18)
cfn=(564) 0x0000000000120924
calls=1 0 
* 3 1 0 1
+6 24 8 0 0 1
+16 8 0 4
-56 10 5 0 1 0 0 1
+62 6 2
+6 2 1
+7 8 7
-90 7 0 0 1 0 0 1
+26 6 2 0 0 2

fl=(51)
fn=(296)
78 4 0 0 1 0 0 1
+1 1 1

fn=(166)
78 20
+1 5 5

fl=(54)
fn=(286) _dl_protect_relro
313 16 12 0 2 0 0 2
+3 4 4
-3 8
+3 8
+4 8
-8 4 0 4
+9 20 0 4
cfi=(51)
cfn=(166)
calls=4 78 
* 20 4
* 8
+6 8 8

fn=(186)
148 40 0 24 2 0 0 2
+15 4
-15 8 0 8
+15 4
+1 20 4 4 0 1
+6 12 8 0 1 0 0 1
+6 16 4
+1 8 4 0 0 3
-19 8
+22 8
+7 4 4
-32 4 0 4 1 0 0 1
+32 4
+44 4 4
fi=(5)
76 4 4
fe=(54)
231 8 4 4
fi=(5)
76 12
fe=(54)
258 129 44 37 3 11 0 3
-99 12 0 6
fi=(5)
481 3
fi=(4)
47 3
+11 3
-12 3
+2 3 3
-1 3 0 3
+11 3
fe=(54)
159 4 0 2
fi=(5)
481 1
fi=(4)
47 1
+11 1
-12 1
+2 1 1
-1 1 0 1
+11 1
-11 4
+11 4
-12 4
+2 4 4
-1 4 0 4
+11 4
+26 5 5 0 1 0 0 1
+2 5 5
-3 5 5
+3 10 5
-3 5 0 5
+3 5
+12 15
+10 6
+10 15 5 0 1 4 0 1
+6 4 4 0 0 1
-3 8 4 4 0 2
+3 4
-73 3 0 3 0 0 1
-1 3 0 3 1 0 0 1
fi=(5)
491 6 0 3
fi=(4)
127 416 104 0 0 27 0 0 24
+12 208 208
-3 312 104
fi=(5)
276 104
fi=(4)
138 104 104 0 1 1 0 1
+1 104 0 104
-2 104 104
-1 104 104 0 0 43 0 0 40
+1 312 0 104 0 0 1
fi=(5)
276 104
+21 208
+4 208
+7 416 104 0 1 77 0 1 71
fi=(55)
102 261 87
fi=(5)
308 1699 87 0 1 3 0 1 1
fi=(4)
138 84
fi=(5)
308 168 0 84 1 0 0 1
fi=(4)
138 84
fi=(5)
308 84 0 84 0 0 1
fi=(4)
138 84
fi=(5)
308 1176 336 252 1 4 1 1
cfi=(6)
cfn=(194)
calls=84 790 
* 49558 13097 6019 50 305 10 48 240 3
* 504 252 168 0 0 2
+2 261
+25 624 104 0 1 2 0 1 2
fe=(54)
-74 16 4
+24 4 0 4
+3 8 4
+17 8 4 0 1 3 0 1
+1 8 0 4
cfn=(286)
calls=4 +7 
* 104 28 8 2 0 0 2
+1 32 28 0 0 1
fi=(5)
131 9 3 0 1 2 0 1
458 348 174 87 1 10 10 1 9 5
fi=(4)
124 312 104 0 1 0 0 1
+19 12 6
+1 16 8 8 1 0 0 1
fe=(54)
258 32 12 0 1 1 0 1
fi=(5)
430 51 17 0 1 0 0 1
+4 68 17 0 1 1 0 1
+5 17 17
+9 17 17
-9 34 17 0 0 2 0 0 2
+9 34 0 17 0 0 8 0 0 8
308 34
+5 17 17
-3 34 34
+3 133 82 0 1 0 0 1
-3 164 164 0 1 0 0 1
+3 246
-5 21
fi=(4)
61 9 0 0 2 0 0 2
-10 3
-1 6
fi=(5)
551 32 16
+4 32
+2 48 16 0 0 1
+1 16 0 16 0 0 5 0 0 4
fi=(4)
61 162
+2 220 55 0 1 20 0 1 20
+2 118
-4 3
+13 6
+1 5
+1 78 39 0 1 0 0 1
fi=(5)
551 39 39
+25 39 39
-1 78 78 0 0 1 0 0 1
-24 39
+25 78
+1 39 0 39
cob=(3)
cfi=(77)
cfn=(282)
calls=1 42 
* 77 11 5 3 0 0 3
cob=(3)
cfi=(58)
cfn=(278)
calls=1 32 
* 6 3 0 1 0 0 1
cob=(3)
cfi=(60)
cfn=(276)
calls=1 32 
* 8 3 0 1 0 0 1
cob=(3)
cfi=(57)
cfn=(274)
calls=1 33 
* 9 4 0 1 0 0 1
cob=(3)
cfi=(57)
cfn=(272)
calls=1 33 
* 9 4 0 1 0 0 1
cob=(3)
cfi=(70)
cfn=(270)
calls=1 30 
* 6 3 0 1 0 0 1
cob=(3)
cfi=(64)
cfn=(268)
calls=1 32 
* 8 3 0 2 0 0 2
cob=(3)
cfi=(60)
cfn=(266)
calls=1 32 
* 8 3 0 1 0 0 1
cob=(3)
cfi=(58)
cfn=(262)
calls=1 32 
* 6 3 0 1 0 0 1
cob=(3)
cfi=(60)
cfn=(260)
calls=1 32 
* 8 3 0 1 0 0 1
cob=(3)
cfi=(60)
cfn=(258)
calls=1 32 
* 8 3
cob=(3)
cfi=(74)
cfn=(256)
calls=1 40 
* 8 3
cob=(3)
cfi=(70)
cfn=(254)
calls=1 30 
* 6 3 0 1 0 0 1
cob=(3)
cfi=(73)
cfn=(252)
calls=2 32 
* 26 6 0 2 0 0 2
cob=(3)
cfi=(72)
cfn=(250)
calls=1 40 
* 7 3 0 2 0 0 2
cob=(3)
cfi=(56)
cfn=(248)
calls=1 44 
* 16 4 0 3 0 0 3
cob=(3)
cfi=(57)
cfn=(246)
calls=1 33 
* 9 4 0 1 0 0 1
cob=(3)
cfi=(58)
cfn=(242)
calls=1 32 
* 6 3 0 1 0 0 1
cob=(3)
cfi=(70)
cfn=(240)
calls=1 30 
* 6 3 0 1 0 0 1
cob=(3)
cfi=(60)
cfn=(238)
calls=2 32 
* 16 6 0 2 0 0 2
cob=(3)
cfi=(64)
cfn=(236)
calls=2 32 
* 16 6 0 2 0 0 2
cob=(3)
cfi=(69)
cfn=(234)
calls=1 42 
* 18 4 0 1 0 0 1
cob=(3)
cfi=(68)
cfn=(232)
calls=1 38 
* 9 4 0 1 0 0 1
cob=(3)
cfi=(67)
cfn=(230)
calls=1 38 
* 8 4 0 1 0 0 1
cob=(3)
cfi=(65)
cfn=(226)
calls=1 33 
* 13 4 0 1 0 0 1
cob=(3)
cfi=(56)
cfn=(224)
calls=1 44 
* 16 4 0 3 0 0 3
cob=(3)
cfi=(64)
cfn=(222)
calls=2 32 
* 16 6 0 2 0 0 2
cob=(3)
cfi=(60)
cfn=(220)
calls=1 32 
* 8 3 0 1 0 0 1
cob=(3)
cfi=(61)
cfn=(214)
calls=1 43 
* 77 11 5 6 3 0 6 1
cob=(3)
cfi=(60)
cfn=(212)
calls=1 32 
* 8 3 0 1 0 0 1
cob=(3)
cfi=(57)
cfn=(210)
calls=1 33 
* 9 4 0 2 0 0 2
cob=(3)
cfi=(58)
cfn=(206)
calls=1 32 
* 6 3 0 2 0 0 2
cob=(3)
cfi=(57)
cfn=(204)
calls=1 33 
* 9 4 0 1 0 0 1
cob=(3)
cfi=(56)
cfn=(202)
calls=2 44 
* 32 8 0 3 2 0 3
fi=(4)
75 39
fi=(5)
578 39 0 39 0 0 2 0 0 2
fi=(4)
75 80
+36 6 0 0 1 0 0 1
fi=(5)
541 1243 1243 0 0 156 0 0 156
fi=(4)
111 1243
fi=(5)
541 1243
fi=(4)
111 1243
fi=(5)
541 1243 0 1243 0 0 236 0 0 233
fi=(4)
111 1243
fi=(5)
535 1243 1243 0 0 312 0 0 312
fi=(4)
112 2486 1243
fi=(5)
535 2486
+5 2486
fi=(4)
50 1 0 0 1 0 0 1
160 1 1
51 1 0 1
160 4 0 2 1 0 0 1
+2 20 5 0 0 1 0 0 1
+9 10 10
-1 5 5
+1 5 0 5
-1 10
fi=(5)
276 5 0 0 1 0 0 1
fi=(4)
170 15 0 5
fi=(5)
276 5
+21 10
+4 10
+7 20 5 0 0 3 0 0 3
fi=(55)
102 15 5 0 1 0 0 1
fi=(5)
308 165 20 25 2 1 0 2
cfi=(6)
cfn=(194)
calls=5 790 
* 2563 632 299 2 10 0 2 8
* 30 15 10
+2 15
+25 30 5 0 0 1 0 0 1
fe=(54)
-77 5 0 1
fi=(5)
82 6 6 0 1 2 0 1
+4 9 3 0 1 3 0 1 2
+14 3 3
-8 3 0 3
+8 6
+20 6 3
+4 12 3 0 1 0 0 1
-2 6 0 3
458 20 10 5 1 1 1 1 1 1
fi=(4)
160 17 7
+14 2
fi=(5)
313 1 1 0 1 0 0 1
-3 2 2
+3 3
-5 60 9 6 4 0 0 4
fe=(54)

fl=(7)
fn=(292)
260 1 1

fn=(12)
88 8 0 6 1 0 1 1 0 1
+25 1 1
-1 1 0 1
+1 196 63 3 1 8 2 1 8 2
+6 1 1 0 0 1 0 0 1
-3 1
+1 1 0 1
-4 1 0 1 0 0 1 0 0 1
+3 1 0 1
+3 4 2 0 1 1 0 1 1
+1 2 1
-1 12 1 7 1 0 1 1 0 1
-29 1
-1 10 4 5 1 1 0 1 1
+30 2
+1 105 17 0 0 3 0 0 3
+3 1 1
-4 70 19 6 3 2 0 3 2
+62 1 1 0 1 0 0 1
-62 1
+63 1 0 1
-1 1 0 1
-62 3 1 0 0 1 0 0 1
+34 1 1 0 1 0 0 1
-34 2 1
+35 1
-35 2
+46 1 1 0 1 0 0 1
-46 1
+47 1 0 1
-1 1 0 1
-46 3 1 0 0 1 0 0 1
+40 1 1 0 1 0 0 1
-40 1
+41 1 0 1
-1 1 0 1
-40 3 1
+37 1 1
-37 2 1
+38 1
-38 3
+13 1 1 0 1 0 0 1
-13 2 1
+14 1
-14 2
+10 1 1 0 1 0 0 1
-10 2 1
+11 1
-11 2
+7 1 1
-7 4 1
224 1 0 1 1 0 0 1
cfi=(9)
cfn=(16)
calls=1 +65 
* 24180 4873 6 6 36 1 6 36 1
fi=(11)
35 2 0 1
cfi=(12)
cfn=(22)
calls=1 -4 
* 11 1 1 2 0 1 2 0 1
fi=(8)
196 1
-12 1 0 1
+1 1 0 1
+11 1
+3 1
-3 1 0 1
+3 5 0 0 1 0 0 1
366 3 1
+1 1 0 1 1 0 0 1
+3 2
+1 1 0 1
+6 1 0 1
+5 2
-3 1 0 1
+3 1
-4 1 0 1
+4 1 0 1
cfi=(9)
cfn=(26)
calls=1 -9 
* 16 4 1 2 0 0 2
+2 4 0 1 1 0 0 1
cfi=(9)
cfn=(26)
calls=1 -11 
* 18 4 1
* 1 1
+2 3
-2 1 0 1
+2 1 0 1
cfi=(9)
cfn=(26)
calls=1 -13 
* 18 4 1
* 1 1
+2 3
-2 1 0 1
+2 1 0 1
cfi=(9)
cfn=(26)
calls=1 -15 
* 18 4 1
+12 1 1 0 1 0 0 1
-12 1 1
+11 1 0 1
-11 1 0 1
+12 1
fe=(7)
236 1 0 1
cfi=(13)
cfn=(28)
calls=1 79 
* 16 2 0 2 1 0 2 1
* 1 0 1
+2 2 0 1
cfi=(14)
cfn=(30)
calls=1 32 
* 17 5 2 2 0 0 2
* 3 0 0 1 0 0 1
+12 3 1
+3 5 1 1
cfi=(2)
cfn=(32)
calls=1 870 
* 97829 24376 11183 606 1170 490 603 1031 467
+1 1 1 0 0 1
+1 8 7 0 1 1 0 1
fi=(8)
404 3 1 0 1 0 0 1
+28 2 0 1 1 0 0 1
-9 3 0 0 1 0 0 1
+2 4 1
+3 4 1 0 1 0 0 1
+1 2
205 6 0 1 1 0 0 1
cfn=(24)
calls=1 34 
* 85 8 18 7 1 0 7 1
+3 3 1
+95 2 0 0 1 0 0 1
+2 1
+7 4
203 1
312 4 1 1
210 5 4 1 1 0 0 1
+1 7 1 0 1 1 0 1 1
+85 3 0 1
-79 2 0 1 1 0 0 1
fe=(7)

ob=(2)
fl=(18)
fn=(550)
0 1 1 0 1
cob=(3)
cfi=(138)
cfn=(552)
calls=1 30 
0 74 22 12 10 2 0 9 2

fn=(410)
0 1 1 0 1 0 0 1
cob=(3)
cfi=(105)
cfn=(412)
calls=1 3028 
0 63183 15094 785 89 1190 82 86 903 45

fn=(564)
0 3 1 0 1

fn=(86)
0 1 1 0 1 0 0 1
cob=(1)
cfi=(19)
cfn=(88)
calls=1 111 
0 4 2 0 1 0 0 1

fn=(304)
0 6 2 0 1 0 0 1

fn=(572) 0x0000000004026040
0 1 1 0 1 0 0 1
cob=(3)
cfi=(138)
cfn=(552)
calls=1 30 
0 74 22 12

fn=(582)
0 3 1 0 1 0 0 1

fn=(350)
0 6 2 0 1

ob=(4)
fl=(79)
fn=(566)
0 8 3 2 1 2
cob=(2)
cfi=(18)
cfn=(572)
calls=1 0 
0 75 23 12 1 0 0 1
0 1 0 1
cfn=(576) 0x0000000000001050
calls=1 0 
0 8 2 1
0 3 2 1

fn=(576)
0 8 2 1

fn=(308)
0 17 3 2 3 0 0 3

totals: 9084089 1858355 728477 1421 3458 1507 1381 2075 1117
