# callgrind format
version: 1
creator: callgrind-3.13.0
pid: 7893
cmd:  ./test
part: 1


desc: I1 cache: 32768 B, 64 B, 8-way associative
desc: D1 cache: 32768 B, 64 B, 8-way associative
desc: LL cache: 6291456 B, 64 B, 12-way associative

desc: Timerange: Basic block 0 - 72112
desc: Trigger: Program termination

positions: line
events: Ir Dr Dw I1mr D1mr D1mw ILmr DLmr DLmw
summary: 863330 122601 69576 1306 2907 744 1276 2351 656


ob=(1) /lib/x86_64-linux-gnu/ld-2.27.so
fl=(2) /build/glibc-kAz5Pl/glibc-2.27/elf/rtld.c
fn=(96) handle_ld_preload
837 5 0 4 1 0 0 1
+1 1
-1 4 0 1
+5 2 1
+3 3 0 1 0 0 1 0 0 1
cfi=(32) /build/glibc-kAz5Pl/glibc-2.27/string/../sysdeps/x86_64/strcspn.S
cfn=(98) strcspn
calls=1 30 
* 218 100 34 3 1 4 3 1 4
* 1 0 0 1 0 0 1
+1 3
+9 1
+4 1
-2 2 1
+2 1 0 1
cfn=(100) dso_name_valid_for_suid
calls=1 120 
* 14 5 2 1 0 0 1
* 2
+1 4 0 1
cfn=(102) do_preload
calls=1 750 
* 2491 552 317 99 23 35 99 23 35
* 1
-18 2 1
+21 8 6
-15 4 0 1
cfi=(20) /build/glibc-kAz5Pl/glibc-2.27/string/../sysdeps/x86_64/multiarch/memmove-vec-unaligned-erms.S
cfn=(48) memcpy
calls=1 129 
* 18 5 4 1 0 1 1 0 1
+1 2 0 1

fn=(54) rtld_lock_default_unlock_recursive
790 5 0 5 0 0 1
+1 5 5

fn=(32) dl_main
870 1 0 1 1 0 0 1
+17 1
-17 10 0 5 1 0 0 1
+17 1 0 1 0 0 1 0 0 1
+4 1
2471 1 1
870 1 0 1 0 0 1 0 0 1
+21 1 0 1 0 0 1 0 0 1
+1 1
2466 1 0 1 1 0 0 1
892 1 0 1
+5 1
2471 1
897 1 0 1
2464 2 1 1 0 0 1 0 0 1
+7 3
-4 1
+4 3 0 2 1 0 0 1
+2 2 1 1 0 0 1 0 0 1
cfi=(15) /build/glibc-kAz5Pl/glibc-2.27/elf/dl-environ.c
cfn=(34) _dl_next_ld_env_entry
calls=1 29 
* 52 19 1 2 0 0 2
* 4 2 2
cfi=(15)
cfn=(34)
calls=2 29 
* 352 122 1
* 9
+4 6 2
-2 2
+2 42
+1 19 0 0 1 0 0 1
-1 57 19
+3 4
+6 14 2 0 0 1 0 0 1
+76 3 1 0 1 0 0 1
+1 4 0 1
cfi=(16) /build/glibc-kAz5Pl/glibc-2.27/string/../sysdeps/x86_64/memcmp.S
cfn=(36) bcmp
calls=1 24 
* 31 5 0 5 1 0 5 1
* 2
-56 2 1 0 1 0 0 1
+7 4 0 1 1 0 0 1
cfi=(16)
cfn=(36)
calls=1 24 
* 36 7 0 0 1 0 0 1
* 2
+2 3 0 1
2635 3 1 0 1 0 0 1
+32 3 1
907 3 1 0 1 0 0 1
1108 7 0 1 1 0 0 1
cfi=(17) /build/glibc-kAz5Pl/glibc-2.27/elf/dl-object.c
cfn=(38) _dl_new_object
calls=1 59 
* 230 26 51 19 2 14 19 2 14
+2 1
-2 1
+2 1
+1 1 0 1
+1 1 1
+5 2
-5 1 0 1 1 0 0 1
+1 2 1 1
+4 1 0 1
cfi=(17)
cfn=(50) _dl_add_to_namespace_list
calls=1 31 
* 33 9 10 3 0 1 3 0 1
+1 2 1
879 1
1147 1 1
-3 1 0 1
-5 1 0 1
+1 1 0 1 1 0 0 1
+2 1 0 1
+5 5
+56 2 1
876 1
1166 1
+22 1 0 0 1 0 0 1
+15 2
-55 24
-1 27
+1 47 9 0 1 5 0 1 5
1250 3 1 0 1 1 0 1 1
+3 2 1
+2 2 1
+2 2 1 0 1 0 0 1
+13 3 1
+3 2 2
-2 1 1
+2 1 1
-2 4 1 2 1 0 0 1
cfi=(21) /build/glibc-kAz5Pl/glibc-2.27/string/../sysdeps/x86_64/strcmp.S
cfn=(56) strcmp
calls=1 144 
* 50 6 0 7 2 0 7 2
* 2
+10 1 1
-3 1 0 1
-2 1 0 1
+3 1 0 1
+2 2 1
+1 2 0 1 1 0 0 1
+4 2 1
+2 2
fi=(3) /build/glibc-kAz5Pl/glibc-2.27/elf/get-dynamic-info.h
33 1 1
+9 2
+6 1 1 0 0 1 0 0 1
-2 1
+2 2
+15 1
+5 1
+3 1 0 0 1 0 0 1
+2 1
-3 1
-3 1
-3 1
-14 46
+13 16
+1 12 0 3 0 0 2 0 0 2
+10 3
-26 9 3 0 0 1 0 0 1
+16 19 0 19 1 0 4 1 0 4
+10 19
-26 57 19 0 0 5 0 0 5
+26 1
-26 3 1
+33 3 1
+38 3 1 0 1 0 0 1
+5 2 1
+7 2 1
+1 3 2
+18 3 1 0 1 0 0 1
+14 3 1 0 1 0 0 1
+18 2 1
fe=(2)
1293 2 0 1 1 0 0 1
cfi=(6) /build/glibc-kAz5Pl/glibc-2.27/elf/dl-lookup.c
cfn=(10) _dl_setup_hash
calls=1 939 
* 23 7 6 0 1 0 0 1
+3 2 1
fi=(22) /build/glibc-kAz5Pl/glibc-2.27/elf/setup-vdso.h
24 2 1
fe=(2)
1318 1 0 1 1 0 0 1
cfi=(11) /build/glibc-kAz5Pl/glibc-2.27/elf/../sysdeps/unix/sysv/linux/dl-sysdep.c
cfn=(62) _dl_discover_osversion
calls=1 45 
* 79 12 4 7 1 1 7 1 1
* 9 1 1
fi=(3)
65 4 0 0 1 0 0 1
+3 4
fe=(2)
1312 5 0 2 1 0 0 1
1152 3 1 1 1 0 0 1
+1 1
+90 2 1 1
+1 2 1 1
+1 1
-6 2 1 1 1 0 0 1
+1 1
-73 2 2 0 1 1 0 1 1
+9 1 1
-7 1 0 1
-3 1 0 1 0 0 1 0 0 1
+10 1
+18 2 0 0 1 0 0 1
-37 3 2 1
+1 1
+45 2 2 0 0 1 0 0 1
-1 2 2
+1 4
-1 2
+2 4 2
+1 1 0 1
+3 2 1
+1 2 1 0 1 0 0 1
-1 2 1 0 0 1 0 0 1
+1 2 1
+1 2 0 2
+1 6 3
+1 2 0 1
fi=(3)
71 4 0 0 1 0 0 1
+1 1
+1 3 0 1
fe=(2)
1323 2 1 1 1 0 0 1
cfi=(24) /build/glibc-kAz5Pl/glibc-2.27/elf/dl-load.c
cfn=(66) _dl_init_paths
calls=1 623 
* 1831 264 248 63 4 15 63 4 15
+3 3 1 1
cfi=(30) /build/glibc-kAz5Pl/glibc-2.27/elf/dl-debug.c
cfn=(90) _dl_debug_initialize
calls=1 49 
* 17 4 4 3 0 0 3
+7 1 1
-7 1 0 1
+2 1 0 1
+5 1
+3 3 2 1 1 0 0 1
+1 1 1
+3 1 0 1
-3 3 0 1
+1 2 1 1
+3 1 0 1
+5 1 1
-7 1 0 1 1 0 0 1
+7 1
+1 5 1 1
+17 2 1 0 0 1 0 0 1
+1 2 1
+5 1 1
-3 3 1 0 1 0 0 1
+2 1 0 1
+1 2 0 1
+5 2
+1 5 1 0 0 1 0 0 1
-1 2 0 0 1 0 0 1
+3 2 1 1 0 0 1 0 0 1
+1 2 1 1
+5 2 1 0 0 1 0 0 1
+6 4 2 0 1 0 0 1
+1 1
-2 1 0 1
885 1 0 1
1391 1
1570 1 0 1
cfi=(31) /build/glibc-kAz5Pl/glibc-2.27/elf/../elf/dl-tls.c
cfn=(92) _dl_count_modids
calls=1 113 
* 4 3 0 1 1 0 1 1
* 1 0 1 1 0 0 1
+8 3 1
+3 2 1 1
+4 3 1
+5 2 1 1
+1 1 0 1 1 0 0 1
cfi=(30)
cfn=(94) _dl_debug_state
calls=1 74 
* 1 1
+5 2 1
+15 3 2
+4 1 1
-2 1
+2 2
+2 3
+1 1
-1 2
+1 1 0 1 1 0 0 1
cfn=(96)
calls=1 837 
* 2788 671 367 106 24 41 106 24 41
* 1
+1 4
+2 2 0 1
+10 3 0 1
cfi=(46) /build/glibc-kAz5Pl/glibc-2.27/io/../sysdeps/unix/sysv/linux/access.c
cfn=(146) access
calls=1 27 
* 8 1 1 1 0 0 1
* 2
+77 1 1
-96 1
+96 3 1 0 1 0 0 1
+17 3
+1 1
-1 1
+1 2 1
-1 1
+1 5 0 1
cfi=(47) /build/glibc-kAz5Pl/glibc-2.27/elf/dl-deps.c
cfn=(148) _dl_map_object_deps
calls=1 159 
* 7275 1476 920 108 51 70 108 51 70
+1 4 0 0 1 0 0 1
+5 1 1
-3 2 0 1
+3 2
+1 7 2 1
-1 2
+1 9 3 3
-1 6
+4 3 2 1 1 0 0 1
+1 3 1
+1 1 0 1
+2 2
+1 5 3 0 1 0 0 1
-1 4
+1 6 4
-1 6
+47 2 1 0 1 0 0 1
+2 2 0 0 1 0 0 1
-1 1 0 1 0 0 1 0 0 1
-1 2 0 1
+2 4 0 2
cfi=(33) /build/glibc-kAz5Pl/glibc-2.27/elf/dl-error-skeleton.c
cfn=(170) _dl_receive_error
calls=1 226 
* 2781 762 272 31 28 16 31 26 16
+10 1 1
+1 1 1 0 1 0 0 1
-1 1 0 1
+1 1
+1 1 0 1
cfn=(178) init_tls
calls=1 687 
* 556 53 331 15 1 37 15 1 37
* 1 0 1
+2 2 1
799 1 1
fi=(138) /build/glibc-kAz5Pl/glibc-2.27/elf/../sysdeps/unix/sysv/linux/dl-osinfo.h
64 2 1
fe=(2)
801 1 0 1
fi=(138)
77 1 1
fe=(2)
810 1 0 1 1 0 0 1
+7 1 0 1
-5 1 0 1
1808 2 1
2038 3 1 0 0 1 0 0 1
2161 3 1 0 1 0 0 1
+7 1 0 1
+2 3
+1 1 1
-1 2
+2 10 0 0 1 0 0 1
+2 4 4 0 0 1
-2 8
+2 4 4
+5 8 8
+2 8
+6 4 0 4
+2 8 4 0 0 1
+1 24 6 3 0 2
cfi=(54) /build/glibc-kAz5Pl/glibc-2.27/elf/dl-reloc.c
cfn=(186) _dl_relocate_object
calls=3 148 
* 70286 17939 7598 142 951 271 142 855 253
+4 10 5 0 1 1 0 1
+1 2 0 1
cfi=(31)
cfn=(288) _dl_add_to_slotinfo
calls=1 887 
* 20 8 5 2 1 0 2
* 1
-12 1 0 1 1 0 0 1
+1 1 1
-3 2
+29 4 2 0 1 0 0 1
+2 1 0 1
+7 3 1 1
cfi=(31)
cfn=(290) _dl_allocate_tls_init
calls=1 437 
* 145 33 31 9 2 4 9 0 4
+3 2 1
-25 4 0 0 1 0 0 1
+2 2
+6 1 1 0 1 0 0 1
-6 1 0 1 0 0 1
+6 1
+26 3 2
+2 4 1
+15 1
+2 1 0 1 1 0 0 1
-2 2
+3 1 1
-3 1
+3 1
-3 1
+3 3 0 1
cfi=(54)
cfn=(186)
calls=1 148 
* 6477 1723 778 12 54 4 10 26
+1 4
+2 2 0 1
+8 1 0 1
cfi=(7) /build/glibc-kAz5Pl/glibc-2.27/elf/../elf/dl-sysdep.c
cfn=(292) _dl_sysdep_start_cleanup
calls=1 260 
* 1 1
+4 2 1 0 1 0 0 1
+20 3 0 1
cfi=(30)
cfn=(90)
calls=1 49 
* 8 3
+1 1 0 1
+1 1 0 1
cfi=(30)
cfn=(94)
calls=1 74 
* 1 1
+5 1 0 1
cfi=(49) /build/glibc-kAz5Pl/glibc-2.27/elf/dl-cache.c
cfn=(294) _dl_unload_cache
calls=1 326 
* 15 4 2 3 1 0 2
+5 8 7 0 0 2
2094 1 0 0 1 0 0 1
+13 1 1
-9 1 1
-4 1 0 1
+10 1 1
-6 1 0 1
+6 1 0 1
+3 1
1753 1 0 0 1 0 0 1
+1 1 1
-1 2 1 1
+1 1
+2 1 0 0 1 0 0 1
+2 3
+2 1 1
-4 1 0 1
+4 2
+14 4 3 0 1 0 0 1
+1 2 1 1
+1 3 1
-64 5 0 0 1 0 0 1
+1 1
-1 3
+4 3 0 1
+1 1 1 0 1 0 0 1
+1 2
+1 2
+32 2 0 1 1 0 0 1
2565 3 0 1 2 0 1 2 0 1

fn=(52) rtld_lock_default_lock_recursive
784 5 0 5 1 0 2 1 0 1
+1 5 5

fn=(102)
750 4 0 3 1 0 0 1
+12 1
-12 2 0 0 1 0 0 1
+10 1 1
-4 1 0 1
+1 1 0 1
+5 4
-10 1 0 1
+6 1 0 1
+4 1 0 1
cfi=(33)
cfn=(106) _dl_catch_error
calls=1 213 
* 2462 544 309 96 23 35 96 23 35
* 1 1
+1 3 1 0 1 0 0 1
+8 3 1
+6 5 4

fn=(2) _dl_start
444 9 0 6 1 0 1 1 0 1
+19 4
fi=(3)
48 1 1 0 0 1 0 0 1
fe=(2)
463 1 0 1 0 0 1 0 0 1
fi=(5) /build/glibc-kAz5Pl/glibc-2.27/elf/../sysdeps/x86_64/dl-machine.h
59 3 1 0 1 1 0 1 1
fi=(3)
-11 1
fe=(2)
489 1 0 1 0 0 1 0 0 1
-3 1 0 1 0 0 1 0 0 1
fi=(3)
48 1
+25 2
-3 1
-7 1 0 0 1 0 0 1
+5 1
+3 1
+2 1
-6 1
+3 1
-3 2
-3 16 0 4 0 0 2 0 0 2
+10 4
-26 12 4 0 0 1 0 0 1
+16 13 0 13 0 0 3 0 0 3
+10 13
-26 39 13 0 0 4 0 0 4
+26 1
-26 3 1
+2 36 0 0 1 0 0 1
+13 20
+2 4
+16 2 0 0 1 0 0 1
+20 4 1 1
+1 4 1 1
+1 4 1 1
+1 4 1 1 1 0 0 1
+2 4 1 1
+5 4 1 1
+1 4 1 1
+1 4 1 1 1 0 0 1
+6 3 1
+5 2 1
+7 3 1
+1 3 2
+8 3 1 0 1 0 0 1
+3 3 1 0 0 1 0 0 1
+4 2 1
+1 2 1 0 1 0 0 1
fe=(2)
500 2
393 1
507 1 0 1 0 0 1 0 0 1
393 1 0 1 0 0 1 0 0 1
cfi=(6)
cfn=(10)
calls=1 939 
* 23 7 6 3 1 1 3 1 1
+1 2 0 1 1 0 0 1
+1 2 0 1
+1 2 0 1
+1 2 0 1 0 0 1 0 0 1
+8 1
+9 1
-9 3 0 0 1 0 0 1
+9 1
-6 1 0 1
-3 1 0 1
+9 1 0 1
cfi=(7)
cfn=(12) _dl_sysdep_start
calls=1 88 
* 118871 28381 10875 659 1212 497 656 1073 474
* 1 0 0 1
+9 4
+3 1 1 0 0 1
+4 1 1
-4 1 0 1 0 0 1
+4 1
532 9 7 0 1 1
-27 27 9 0 2 0 0 2
fi=(4) /build/glibc-kAz5Pl/glibc-2.27/elf/do-rel.h
84 1 1 0 1 0 0 1
+27 1
-28 1 1
+28 2
+1 2 1 0 0 1 0 0 1
fi=(5)
540 2 1
fi=(4)
112 76 38 0 0 4 0 0 4
fi=(5)
540 76 38 0 0 5 0 0 5
+1 39 39 0 0 5 0 0 5
fi=(4)
111 39
fi=(5)
541 39
fi=(4)
111 39
fi=(5)
541 39 0 39 0 0 21 0 0 21
fi=(4)
111 39
+5 2 1 0 1 0 0 1
+8 1
fi=(5)
335 1
+87 1
fi=(4)
124 2
+12 1 1
+3 1 1
-3 1
+3 1
-3 1
fi=(5)
301 1
fi=(4)
137 1
fi=(5)
301 1
fi=(4)
137 1
fi=(5)
301 1 0 0 1 0 0 1
fi=(4)
136 8 8 0 0 2 0 0 2
+3 8 8
-3 8
+3 8
-3 8
fi=(5)
301 8
fi=(4)
137 8
fi=(5)
301 8
fi=(4)
137 8
fi=(5)
301 8
+9 27
+3 9 9 0 0 7 0 0 7
-3 18 18 0 0 1 0 0 1
+3 27
+22 54 9 0 0 1 0 0 1
fi=(3)
68 4 0 0 1 0 0 1
fi=(4)
+56 28
fi=(5)
354 27 9 9 1 1 2 1 1 2
fi=(3)
71 4 0 0 1 0 0 1
+1 1
+1 2 0 1 0 0 1 0 0 1
fe=(2)

fn=(100)
120 4 0 2 1 0 0 1
+1 3 1
+8 2 1
+1 5 3

fn=(114) map_doit
588 1 0 1 1 0 0 1
+2 1 1
-2 1
+3 2 2
-1 3
+1 3 0 1
cfi=(24)
cfn=(116) _dl_map_object
calls=1 2080 
* 2375 519 278 89 23 32 89 23 32
* 1 0 1
+2 2 2

fn=(178)
687 1 1
-6 1 0 1
+2 2 1 1
+4 1
+10 4 0 1
cfi=(19) /build/glibc-kAz5Pl/glibc-2.27/elf/dl-minimal.c
cfn=(42) calloc
calls=1 92 
* 27 4 3
* 1 1
+11 1 1 0 1 1 0 1 1
-15 1
+3 1 0 1
+6 1
+2 1 0 1
-11 1 0 1
+15 1
+2 1 1 0 1 0 0 1
-1 1
+1 15
+2 8 4
+4 1
+2 1
-2 1 0 1
-5 8 4
+9 2
+3 1 0 1 1 0 0 1
cfi=(31)
cfn=(180) _dl_determine_tlsoffset
calls=1 141 
* 66 14 9 6 0 0 6
+7 1 0 1
cfi=(31)
cfn=(182) _dl_allocate_tls_storage
calls=1 332 
* 389 19 306 4 0 37 4 0 37
+1 1
-1 1
+1 1
+6 1 1 0 1 0 0 1
+3 1
-3 1 0 1
+3 6 0 2
+3 1 0 1 1 0 0 1
+2 1
+1 3 2

fn=(172) version_check_doit
621 2 0 1 1 0 0 1
+2 4 2 1
cfi=(53) /build/glibc-kAz5Pl/glibc-2.27/elf/dl-version.c
cfn=(174) _dl_check_all_versions
calls=1 362 
* 2756 753 263 29 28 16 29 26 16
* 2
+4 2 2

fl=(134) /build/glibc-kAz5Pl/glibc-2.27/elf/dl-fini.c
fn=(520) _dl_fini
30 8 0 6 1 0 1 1
+20 3 1 0 1 0 0 1
-3 6 0 1
+3 4
+3 2 1 1 1 0 0 1
cfi=(2)
cfn=(52)
calls=1 784 
* 2 1 1
+2 1 1 0 0 1
+3 2
+2 8 3 1
+8 1
-3 1 0 1
+8 1
-5 6 0 0 1 0 0 1
+7 8 4
+2 8
+2 8 0 4
+1 4 0 4 0 0 4
+1 4 0 0 1 0 0 1
+4 4 0 4
-12 12 4
+14 6
+1 4
+6 3 0 1 1 0 0 1
cfi=(52) /build/glibc-kAz5Pl/glibc-2.27/elf/dl-sort-maps.c
cfn=(168) _dl_sort_maps
calls=1 -66 
* 252 64 32 13 1 1 2
+10 2 1 1
cfi=(2)
cfn=(54)
calls=1 790 
* 2 1 1
+5 6 0 1
+2 1 1 0 1 0 0 1
+2 3 1
-2 3 3
+2 9 3
+3 8 0 4
+3 12 4 0 0 4
+4 4 2
+11 2 2 0 0 1
+1 2 2 0 1 0 0 1
-1 2 2
+2 2 2
-2 2
+2 2
+1 14 0 2
+1 2 2 2 0 2
cob=(4) /usr/lib/valgrind/vgpreload_core-amd64-linux.so
cfi=(79) ???
cfn=(534) 0x00000000000010e0
calls=1 0 
* 95 30 17 11 4 0 10 2
cob=(5) /home/kzoacn/PolyMultiply/NTT/test
cfi=(88) ???
cfn=(522) 0x00000000004006a0
calls=1 0 
* 16 5 4 3 1
* 2
-1 6 4 0 1 1 0 1
+5 4
+1 6 4 2 0 1
cob=(2) ???
cfi=(18) ???
cfn=(554) 0x0000000004026288
calls=1 0 
* 3 1 0 1 0 0 1
cob=(2)
cfi=(18)
cfn=(532) 0x00000000004098e4
calls=1 0 
* 3 1 0 1
+6 24 8 0 0 1
+16 8 0 4
-56 10 5 0 1 0 0 1
+62 6 2
+6 2 1
+7 8 7
-90 7 0 0 1 0 0 1
+26 6 2 0 0 2

fl=(1) ???
fn=(0) 0x0000000000001090
0 2 0 1 1 0 1 1 0 1
cfi=(2)
cfn=(2)
calls=1 444 
0 119903 28626 10974 683 1250 535 678 1109 511
0 14 3 2 1
cfi=(78) /build/glibc-kAz5Pl/glibc-2.27/elf/dl-init.c
cfn=(300) _dl_init
calls=1 79 
0 2183 298 153 59 18 6 59 6 6
0 3
cob=(5)
cfi=(88)
cfn=(338) _start
calls=1 0 
0 741225 93674 58446 562 1639 202 538 1236 138

fl=(12) /build/glibc-kAz5Pl/glibc-2.27/elf/../sysdeps/unix/sysv/linux/x86_64/brk.c
fn=(22) brk
31 7 0 1 2 0 1 2 0 1
+8 1
-6 2
+7 1 1

fl=(41) /build/glibc-kAz5Pl/glibc-2.27/misc/../sysdeps/unix/sysv/linux/mmap64.c
fn=(134) mmap
44 18 0 0 1 0 0 1
+3 9
-6 108 0 54 1 0 2 1 0 2
+6 9
+5 90
+2 63 63
-7 10 1 0 1 0 0 1

fl=(8) /build/glibc-kAz5Pl/glibc-2.27/elf/../sysdeps/x86/cpu-features.c
fn=(24) get_common_indeces.constprop.1
34 2 0 1 1 0 0 1
+4 4
+3 3 0 1
+4 1
-4 1 0 1
+4 1
-4 1 0 1
+3 1 0 1
+1 2 0 1
+1 4 0 1 1 0 0 1
+1 4 0 1
+1 3 0 1
+1 2 1
+7 2 1
+1 7 0 4 1 0 0 1
+7 3 1
+4 2
+2 4
+40 2 1 0 1 0 0 1
+4 4
+1 2
+3 1
+7 1
-8 1
+4 1
+2 1 0 1
-2 1 0 1
+4 2
+3 2
+50 3 2
74 2 0 0 1 0 0 1
+3 3 1 0 0 1 0 0 1
+3 1 1 0 1 0 0 1
-3 1 0 1
+3 1
+2 2 0 1
+2 2
+7 3
-5 2 0 1 1 0 0 1

fl=(20)
fn=(48)
129 14 0 0 1 0 0 1
+2 14
+1 14
+1 8
+1 8
+5 5 5
+1 5 5
+1 5 0 5 0 0 2 0 0 2
+1 5 0 5
+5 5 5
267 6 0 0 1 0 0 1
+1 6
+1 1
+1 1
+1 1
+1 1
+1 1
+1 1 1
+1 1 0 1 0 0 1 0 0 1
+2 1 1
+22 5 5
+1 5 5
+1 5 0 5 0 0 1 0 0 1
+1 5 0 5
+1 5 5
+24 3
+1 3
+1 3
+1 3
+22 3 3 0 1 0 0 1
+1 3 3
+1 3 3
+1 3 3
+1 3 0 3 0 0 1 0 0 1
+1 3 0 3 0 0 1 0 0 1
+1 3 0 3 0 0 2 0 0 2
+1 3 0 3
+2 3 3

fn=(74) mempcpy
116 26
+1 26
+1 26
+13 26
+1 26
+1 4
+1 4
+5 3 3 0 0 1
+1 3 3
+1 3 0 3 0 0 1 0 0 1
+1 3 0 3
+5 3 3
267 22
+1 22
+1 8
+1 8
+1 3
+1 3
+1 1
+4 1 1
+22 14 14
+1 14 14
+1 14 0 14 0 0 2 0 0 2
+1 14 0 14
+1 14 14
+3 5 5
+1 5 5
+1 5 0 5
+1 5 0 5
+1 5 5
+3 2 2 0 0 1 0 0 1
+1 2 2
+1 2 0 2 1 0 1 1 0 1
+1 2 0 2
+1 2 2
+10 1
+1 1
+1 1
+1 1
+22 1 1
+1 1 1
+1 1 1
+1 1 1
+1 1 0 1
+1 1 0 1
+1 1 0 1
+1 1 0 1
+2 1 1

fl=(24)
fn=(120) open_verify.constprop.8
1598 100 0 60 1 0 1 1 0 1
+39 10 10
-39 30 10 20 1 0 1 1 0 1
+39 10
-39 10 0 10
+39 10
+31 40 10 10 0 0 1 0 0 1
cfi=(36) /build/glibc-kAz5Pl/glibc-2.27/io/../sysdeps/unix/sysv/linux/wordsize-64/lxstat.c
cfn=(122) open
calls=10 39 
* 184 10 18 3 0 1 3 0 1
+2 10
-2 10
+2 12
+10 2 0 2 1 0 0 1
+1 4 0 2
+5 12 0 2
cfi=(38) /build/glibc-kAz5Pl/glibc-2.27/io/../sysdeps/unix/sysv/linux/read.c
cfn=(126) read
calls=2 27 
* 10 2 0 1 0 0 1
+2 4
+2 2 2
+2 2
-2 2 0 2
+2 2
+6 4 0 0 1 0 0 1
+16 32 18 0 1 1 0 1 1
+74 4 2
+5 4 2
+2 8 2 0 1 0 0 1
+6 4
+11 4 2 0 0 2 0 0 2
+6 2 2
+1 2 2
+1 2
-2 6
+1 6 0 0 1 0 0 1
+21 94
+2 42 19 0 1 12 0 1 12
+13 6
+3 8 4
+1 2
+12 12 0 0 1 0 0 1
-3 18 12 0 0 3 0 0 3
+15 2
+3 1 1
+1 3 1 0 1 0 0 1
+1 1 1
-1 1
-1 1
+3 3 1
+1 3 1
1650 8
1918 90 70 0 1 0 0 1
1714 2 1 0 1 0 0 1
1871 12 4 0 1 0 0 1
+3 2
-4 2
+4 4 0 0 1 0 0 1
+5 1
+1 2
-51 2 1 0 1 0 0 1

fn=(66)
623 1 0 1 1 0 0 1
+13 3 1 0 1 0 0 1
-13 5 0 3
+13 1 1
-13 1 0 1
+13 1 0 1
cfi=(25) /build/glibc-kAz5Pl/glibc-2.27/elf/dl-hwcaps.c
cfn=(68) _dl_important_hwcaps
calls=1 42 
* 715 98 97 27 2 5 27 2 5
+5 1
-5 1 0 1 0 0 1 0 0 1
+5 1 0 1
cfi=(19)
cfn=(46) malloc
calls=1 50 
* 18 3 3
* 1 1
+1 1
-2 1 0 1
+2 1
+8 2 1 0 1 0 0 1
-1 1
+1 1
-1 3
+4 4 0 1
cfi=(19)
cfn=(46)
calls=1 50 
* 18 3 3
* 1 1
+2 1
-2 1 0 1
+2 1 0 0 1 0 0 1
+29 1
-9 1
-3 1
+5 1
-1 1
-15 1 0 1
+23 1
-9 1 0 1 0 0 1 0 0 1
-13 1 0 1
+10 1 0 1 1 0 0 1
+1 2 0 1
+3 1 0 1 0 0 1 0 0 1
-12 1
+20 1
-3 16
+1 4 0 4
-1 12
+1 28 0 28 0 0 2 0 0 2
-1 84
+3 18 0 0 1 0 0 1
-8 3 3 0 0 1 0 0 1
-6 3 0 3
+10 3 3 0 0 1 0 0 1
+4 3 0 3
-12 3 0 3 0 0 1 0 0 1
+4 3 0 3 0 0 1 0 0 1
-3 3 0 3
+4 3
-2 3 0 3
+5 3
-3 6
+18 1 1 0 1 0 0 1
-11 1 0 1
+6 1 0 1 0 0 1 0 0 1
+1 1 0 1
+5 2
+2 4 1
+2 3 1 0 1 0 0 1
+38 4 1
-19 1 1 0 1 0 0 1
-2 2 0 1
+2 2
+21 2 0 1 1 0 0 1
cfi=(13) /build/glibc-kAz5Pl/glibc-2.27/string/../sysdeps/x86_64/multiarch/../strlen.S
cfn=(28) strlen
calls=1 79 
* 16 2
* 8 0 1 1 0 0 1
cfi=(20)
cfn=(48)
calls=1 129 
* 10 3 2
* 1
+5 4 1
-1 2
+2 56
-1 57 14 0 1 0 0 1
+5 1 0 1
cfi=(19)
cfn=(46)
calls=1 50 
* 18 3 3
* 1 1
+1 1
-2 1 0 1
+2 1
+6 7 0 1
cfn=(76) fillin_rpath
calls=1 389 
* 612 112 62 23 0 2 23 0 2
+3 3 2
+6 1 0 1
+4 7 6
-37 2 0 1 1 0 0 1

fn=(128) _dl_map_object_from_fd
808 22 0 14 1 0 1 1 0 1
+10 2 2
-10 2 0 2 0 0 1 0 0 1
+10 2
-10 6 0 6 1 0 0 1
+10 2 0 2 0 0 1 0 0 1
cfi=(30)
cfn=(90)
calls=2 49 
* 16 6
fi=(39) /build/glibc-kAz5Pl/glibc-2.27/elf/../sysdeps/posix/dl-fileid.h
37 6
fe=(24)
818 2 0 2
fi=(39)
37 2 0 2
cfi=(40) /build/glibc-kAz5Pl/glibc-2.27/io/../sysdeps/unix/sysv/linux/wordsize-64/fxstat.c
cfn=(132) _fxstat
calls=2 -3 
* 20 2 0 1 0 0 1
* 4
+4 2 2
fe=(24)
834 2 0 0 1 0 0 1
fi=(39)
40 2 2
+1 2 0 2
fe=(24)
834 27 9
+1 10 5 0 1 0 0 1
fi=(39)
49 13 7 0 0 1 0 0 1
fe=(24)
1346 18 14
852 4 2 0 1 0 0 1
+24 8 2 2
+10 4 2 0 1 0 0 1
+22 8 4
+32 4
819 2 0 2
943 14 10 2 1 0 0 1
cfi=(17)
cfn=(38)
calls=2 59 
* 758 148 106 5 2 16 5 2 16
+1 2
-1 2
+1 2
+11 4 4
+5 2 2
-5 2 0 2 0 0 2 0 0 2
+1 2 2
+5 2
-5 2 0 2
+1 2 2
+2 2 0 0 1 0 0 1
-2 2 0 2
+2 4
+1 6 2
+20 2
-2 2 0 2
+10 2
-8 12 0 0 1 0 0 1
+8 2
-8 2
+8 2
+97 4 2 2
-97 2
-6 2 0 2
-1 2
-5 2 0 2
1085 10 0 4 1 0 0 1
-96 32
-1 133 19
+1 107 19 0 1 2 0 1 2
+6 4 2
+5 4 2 2
+1 8 2 2 1 0 0 1
+11 30 12 0 1 0 0 1
+5 48 12 0 1 0 0 1
+9 18
-1 18
+1 6 0 6 0 0 4 0 0 4
+1 12 6
+2 6 6
-2 6
+1 6 0 6 0 0 1 0 0 1
-1 6
+3 6
+4 6
-7 6 0 6 1 0 0 1
+3 6 0 6 0 0 1 0 0 1
-1 6 0 6
+5 6
+1 24 12 4
+5 4 4
-1 4
+1 4
-15 4
+14 4
+1 20 0 4
+10 4
-10 2 2
-1 2
+1 2
-15 2
+14 2
+1 10 0 2 1 0 0 1
+10 2
-44 2 1 1
+1 1
+46 3 1 0 0 1 0 0 1
+4 1 0 1 1 0 1 1 0 1
+1 1 1
+1 1
-1 2 1 1
+1 1
+4 1 1
+3 1 0 1
-3 1 0 1
+7 4 1
+6 1 0 1
cfi=(31)
cfn=(164) _dl_next_tls_modid
calls=1 51 
* 6 3 1 1 0 0 1
* 1 0 1
+1 1
+19 4 2 2 1 0 1 1 0 1
+1 4 2 2
+1 2
-6 4 2 2 1 0 0 1
+1 2
+8 10 4
956 2 2
1110 2
956 2 0 2 1 0 0 1
1110 2
+10 4 2
fi=(42) /build/glibc-kAz5Pl/glibc-2.27/elf/./dl-map-segments.h
50 2 2
+6 6 4
fe=(24)
1120 2
fi=(42)
56 2 2
fe=(24)
1120 4 2 2 1 0 0 1
fi=(42)
50 2
+6 4 0 4
fe=(24)
1120 6 0 2
fi=(42)
56 2 0 2
cfi=(41)
cfn=(134)
calls=2 -12 
* 72 15 12 3 0 2 3 0 2
+4 2
-4 2 0 2
+4 6 4 0 1 0 0 1
+3 4 2
+1 2
+2 2 2
-2 2 0 2
-1 2 0 2
+3 2
+14 4 0 2
fi=(43) /build/glibc-kAz5Pl/glibc-2.27/elf/./dl-load.h
+10 12 6 0 1 0 0 1
+1 6 4 2
+2 12 6
fi=(42)
+11 24 12
+45 6
-59 30 0 0 1 0 0 1
+2 24 12 4
+2 36 16 8 1 0 0 1
cfi=(41)
cfn=(134)
calls=4 -50 
* 132 28 24
* 12 4
fe=(24)
1062 4 0 1
fi=(42)
110 2 2 0 1 0 0 1
+2 2 2
-2 2
+1 2
+2 2
-1 2
+1 2
-1 6
+8 4
+3 4 2
+8 16 0 8 1 0 0 1
cfi=(44) /build/glibc-kAz5Pl/glibc-2.27/string/../sysdeps/x86_64/multiarch/memset-vec-unaligned-erms.S
cfn=(140) memset
calls=2 -22 
* 249 2 130 4 0 32 4 0 32
* 6 6
+6 4 0 0 1 0 0 1
+4 9 1 2
cfi=(41)
cfn=(134)
calls=1 -97 
* 33 7 6
+3 3 1
-71 9 2 2 1 0 0 1
cfi=(51) /build/glibc-kAz5Pl/glibc-2.27/misc/../sysdeps/unix/syscall-template.S
cfn=(166) mprotect
calls=1 +5 
* 5 1
* 3 1
fi=(43)
+21 5 3 0 1 0 0 1
+2 1 1
-1 3 2
+1 1 0 0 1 0 0 1
-1 1
+1 2
-1 2
+3 4 0 1
fe=(24)
1132 8 4 0 2 0 0 2
+9 4 2
fi=(3)
42 2
fe=(24)
1141 2 0 2
fi=(3)
42 2
+6 2 2 0 0 2 0 0 2
-2 2
+2 4
+15 2
+5 2
+3 2
-1 2 0 0 1 0 0 1
-3 2
-3 36 0 8 0 0 4 0 0 4
+10 8
-26 24 8 0 0 3 0 0 3
+16 35 0 35 0 0 7 0 0 7
+10 35
-26 105 35 0 0 8 0 0 8
+26 2
-26 6 2
+2 90
+13 40 0 0 1 0 0 1
+2 8
+16 4 0 0 1 0 0 1
+20 7 2 1
+1 8 2 2
+1 8 2 2
+1 8 2 2 1 0 0 1
+2 8 2 2
+5 8 2 2
+1 7 2 1 0 1 0 0 1
+1 8 2 2 1 0 0 1
+6 6 2
+5 4 2
+7 4 2
+1 6 4
+18 6 2 0 1 1 0 1 1
+5 1 1
+2 1
-2 1 0 1
+2 1
+2 2
+2 2
+3 6 2
+10 1 1 0 1 0 0 1
-8 4 1 1
+8 1
+5 2
+3 4 2
fe=(24)
1148 4
+15 6 2 0 1 0 0 1
+19 4 2 2
+2 10 4
+54 6 2 0 1 1 0 1 1
+1 2 1 1
+3 2 1 1
cfi=(45) /build/glibc-kAz5Pl/glibc-2.27/io/../sysdeps/unix/sysv/linux/close.c
cfn=(144) close
calls=1 27 
* 5 1
* 2 1 1
cfi=(45)
cfn=(144)
calls=1 27 
* 5 1 0 1 0 0 1
* 4
+9 4 2
+2 6 4
+2 2 2 0 1 0 0 1
-2 2 0 2
+2 2
+16 4 0 2
cfi=(6)
cfn=(10)
calls=2 939 
* 46 14 12 0 3 0 0 3
+4 4 2
+1 4 2
+17 4 2
+1 1 0 1
+8 1 1 0 1 0 0 1
-5 3 1 2
+5 2 1
-5 3 1 2
+5 1
+10 4 2
+10 6 2 2
cfi=(17)
cfn=(50)
calls=2 31 
* 82 23 22
+4 6 2 0 1 0 0 1
fi=(3)
68 8 0 0 1 0 0 1
+3 8 0 0 1 0 0 1
+1 2
+1 8 0 2
fe=(24)
1251 2 1 0 1 0 0 1

fn=(80) expand_dynamic_string_token
320 12 0 8 1 0 0 1
+10 4
-10 2
+10 2 0 2
cfi=(28) /build/glibc-kAz5Pl/glibc-2.27/string/../sysdeps/x86_64/multiarch/../strchr.S
cfn=(82) index
calls=2 24 
* 70 9 0 5 0 0 5
* 4
+15 2
-11 2
+11 8 8
-11 2 0 0 1 0 0 1
cfi=(29) /build/glibc-kAz5Pl/glibc-2.27/string/strdup.c
cfn=(84) strdup
calls=2 40 
* 150 27 20 3 0 1 3 0 1

fn=(152) open_path
1932 8 0 6 1 0 1 1 0 1
+1 1 1
+6 1
-6 1 0 1 0 0 1 0 0 1
+6 1
+5 9 2 6 1 0 1 1 0 1
-7 1 0 1
-1 1 0 1 1 0 0 1
+8 10 3
+12 4 0 1 1 0 0 1
+7 3 2
+1 1
-13 3
+12 1 0 1 0 0 1 0 0 1
cfi=(20)
cfn=(74)
calls=1 116 
* 12 3 2 0 0 1 0 0 1
* 1 0 1
+55 2 0 1
-8 6 2 1 1 0 0 1
-46 2
+46 24 8
-46 16
+3 16 8
+4 48 32 8 1 0 0 1
cfi=(20)
cfn=(74)
calls=8 116 
* 101 22 14
* 32 16 8
cfi=(20)
cfn=(74)
calls=8 116 
* 96 24 16
+3 16 0 8
+3 24 8
+3 72 40 16 1 0 0 1
cfn=(120)
calls=8 1598 
* 424 88 96 1 0 2 1 0 2
* 8
+2 40 24
+2 16
+89 9 7 0 1 0 0 1
-24 7 1 0 1 0 0 1
+7 1 0 1
-2 1 0 1 1 0 0 1
+2 4 2
+3 3 1
-13 2
-57 16 8 0 1 0 0 1
+1 64 32 0 1 0 0 1
+6 16 16 0 1 0 0 1
+2 16
-2 24 0 8
+2 16 8 8
cfi=(48) /build/glibc-kAz5Pl/glibc-2.27/io/../sysdeps/unix/sysv/linux/wordsize-64/xstat.c
cfn=(154) _xstat
calls=8 34 
* 101 8 7 1 0 0 1
* 16
+1 4 1 0 0 1 0 0 1
+2 7 0 7 1 0 0 1
-37 14
+39 2 0 1 1 0 0 1
-39 2 0 0 1 0 0 1

fn=(76)
389 7 0 6 1 0 0 1
+2 1
-2 9 0 6
+4 3 2 1 1 0 0 1
cfi=(19)
cfn=(78) strsep
calls=1 265 
* 281 46 1 2 0 0 2
* 3 2 1
cfi=(19)
cfn=(78)
calls=1 265 
* 7 3
* 6
+7 2 1
+2 3 1 1
cfn=(80)
calls=1 -82 
* 104 18 14 7 0 0 7
+4 1
-4 1
+4 1
+5 2 0 1 1 0 0 1
cfi=(13)
cfn=(28)
calls=1 79 
* 16 2
+1 2
+7 6 1
+9 17 5 0 1 0 0 1
+1 8 4 0 1 0 0 1
+57 2 1 1
cob=(2)
cfi=(18)
cfn=(86) 0x0000000004000f00
calls=1 0 
* 5 3 0 2 0 0 2
* 1
-39 2 1 0 1 0 0 1
+4 7 2 2 1 0 0 1
-1 1 0 1
cfi=(19)
cfn=(46)
calls=1 50 
* 18 3 3
* 1 1
+3 3 1
+5 1
+1 2
-2 2 0 2 1 0 1 1 0 1
+2 1 0 1
cfi=(20)
cfn=(74)
calls=1 116 
* 12 3 2 0 0 1 0 0 1
+3 1 1
-2 1 1
-1 1 0 1
+1 1 0 1
+2 1
+6 4 1
+1 4
+1 1 0 1 1 0 0 1
-1 3
+1 7 0 7
-1 21
+4 1 1
-1 1 1
+1 1
-1 1 0 1
+1 1
+8 1 0 1
-1 1 0 1
+4 3 0 1
-37 2 0 1 1 0 0 1
-28 1 0 0 1 0 0 1
+5 4 0 2
+66 1 0 1
+3 9 7
-15 2 0 1 1 0 0 1

fn=(116)
2080 21 0 18 1 0 2 1 0 2
+8 3
-8 6 0 6 0 0 3 0 0 3
+8 3
+1 12 3 0 0 1 0 0 1
+3 42 9 0 1 0 0 1
+5 49 7
+2 21 0 7 1 0 0 1
cfi=(35) /build/glibc-kAz5Pl/glibc-2.27/elf/dl-misc.c
cfn=(118) _dl_name_match_p
calls=7 282 
* 892 164 31 11 1 1 11 1 1
* 14
+4 12 6
+1 18 6
+3 2 2
+1 2 2
+1 2
-1 2 2
+1 2 0 2
cfi=(21)
cfn=(56)
calls=2 144 
* 59 12
* 4
2391 27 21
2125 12 2 2 2 0 0 2
+10 6 2
-53 2 0 2
+89 4
-2 2 0 2 0 0 2 0 0 2
+2 2 0 2
cfi=(28)
cfn=(82)
calls=2 24 
* 46 6
* 4
2322 5 0 1 1 0 0 1
cfn=(80)
calls=1 320 
* 154 26 16 3 0 1 3 0 1
+1 1
-3 1 0 1 0 0 1 0 0 1
+3 2
+4 9 0 2
cfn=(120)
calls=1 1598 
* 224 48 15 16 10 2 16 10 2
+3 1
-3 1 0 0 1 0 0 1
+3 3 2
+12 4 1
+46 1 1
+1 3
-1 1 0 1
+1 9 3 5 1 0 0 1
cfn=(128)
calls=1 808 
* 1593 357 213 57 12 24 57 12 24
-1 1 1
+1 3
-1 1 0 1
+1 9 3 5
cfn=(128)
calls=1 808 
* 1709 314 338 6 13 50 6 13 50
* 6
2171 1 1 0 1 0 0 1
+4 2 0 1
cfi=(13)
cfn=(28)
calls=1 79 
* 16 2
* 1
+2 1
-2 1 0 1
+2 1
+7 4 1 0 1 0 0 1
+36 12 1 4 1 0 0 1
cfn=(152)
calls=1 1932 
* 1326 367 221 18 1 7 18 1 7
+6 2
-6 1
+6 3
601 3 1
2314 2 1 0 1 0 0 1
+28 5 1
+2 2
-95 1 0 0 1 0 0 1
-14 1 0 1
+14 1
+2 3 1
+4 2 0 1
cfi=(49)
cfn=(156) _dl_load_cache_lookup
calls=1 187 
* 1487 238 66 25 23 2 25 23 2
+2 1
-2 1
+2 1
+4 2
+8 3 1 0 1 1 0 1 1
+23 10 0 3
cfn=(120)
calls=1 1598 
* 218 54 15 2 8 0 2 8
+4 2
-4 1 0 0 1 0 0 1
+4 3 2
+1 2 0 1
-88 8 3 1 1 0 0 1
601 3 1
2219 2 1 0 1 0 0 1
+1 2
-32 1 1 0 1 0 0 1
+1 2 0 1
-1 3 0 1 1 0 0 1
+8 7 0 3
-3 3 1
601 3 1 0 2 0 0 2
2194 2 1 0 1 0 0 1
+14 2

fl=(54)
fn=(286) _dl_protect_relro
313 16 12 0 2 0 0 2
+3 4 4
-3 8
+3 8
+4 8
-8 4 0 4
+9 20 0 4
cfi=(51)
cfn=(166)
calls=4 78 
* 20 4
* 8
+6 8 8

fn=(186)
148 40 0 24 2 0 0 2
+15 4
-15 8 0 8
+15 4
+1 20 4 4 0 1
+6 12 8 0 1 0 0 1
+6 16 4
+1 8 4 0 0 3
-19 8
+22 8
+7 4 4
-32 4 0 4 1 0 0 1
+32 4
+44 4 4
fi=(5)
76 4 4
fe=(54)
231 8 4 4
fi=(5)
76 12
fe=(54)
258 127 43 36 3 10 0 3
-99 12 0 6
fi=(5)
481 3
fi=(4)
47 3
+11 3
-12 3
+2 3 3
-1 3 0 3
+11 3
fe=(54)
159 4 0 2
fi=(5)
481 1
fi=(4)
47 1
+11 1
-12 1
+2 1 1
-1 1 0 1
+11 1
-11 4
+11 4
-12 4
+2 4 4
-1 4 0 4
+11 4
+26 5 5 0 1 0 0 1
+2 5 5
-3 5 5
+3 10 5
-3 5 0 5
+3 5
+12 15
+10 8 1 0 0 1 0 0 1
+10 15 5 0 1 4 0 1
+6 4 4 0 0 1
-3 8 4 4 0 3
+3 4
-73 3 0 3 0 0 1
-1 3 0 3 1 0 0 1
fi=(5)
491 6 0 3
fi=(4)
127 396 99 0 0 26 0 0 22
+12 198 198
-3 297 99
fi=(5)
276 99
fi=(4)
138 99 99 0 1 1 0 1
+1 99 0 99
-2 99 99
-1 99 99 0 0 42 0 0 39
+1 297 0 99
fi=(5)
276 99
+21 198
+4 198
+7 396 99 0 1 75 0 1 68
fi=(55) /build/glibc-kAz5Pl/glibc-2.27/elf/../sysdeps/generic/ldsodefs.h
102 246 82
fi=(5)
308 1594 82 0 1 3 0 1 1
fi=(4)
138 79
fi=(5)
308 158 0 79 1 0 0 1
fi=(4)
138 79
fi=(5)
308 79 0 79 0 0 1
fi=(4)
138 79
fi=(5)
308 1106 316 237 1 3 1 1
cfi=(6)
cfn=(194) _dl_lookup_symbol_x
calls=79 790 
* 46400 12314 5684 53 297 10 51 235 1
* 474 237 158 0 0 2
+2 246
+25 594 99 0 1 2 0 1 2
fe=(54)
-74 16 4
+24 4 0 4
+3 8 4
+17 8 4 0 1 3 0 1
+1 8 0 4
cfn=(286)
calls=4 +7 
* 104 28 8 2 0 0 2
+1 32 28 0 0 1
fi=(5)
131 9 3 0 1 2 0 1
458 328 164 82 1 10 10 1 9 5
fi=(4)
124 297 99 0 1 0 0 1
+19 12 6
+1 16 8 8 1 0 0 1
fe=(54)
258 32 12 0 1 1 0 1
fi=(5)
430 51 17 0 1 0 0 1
+4 68 17 0 1 1 0 1
+5 17 17
+9 17 17
-9 34 17 0 0 2 0 0 2
+9 34 0 17 0 0 8 0 0 8
308 34
+5 17 17
-3 34 34
+3 131 80 0 1 0 0 1
-3 160 160 0 1 0 0 1
+3 240
-5 21
fi=(4)
61 9 0 0 2 0 0 2
-10 3
-1 6
fi=(5)
551 22 11
+4 22
+2 33 11 0 0 1
+1 11 0 11 0 0 5 0 0 4
fi=(4)
61 147
+2 200 50 0 1 18 0 1 18
+2 118
-4 3
+13 6
+1 5
+1 78 39 0 1 0 0 1
fi=(5)
551 39 39
+25 39 39
-1 78 78 0 0 1 0 0 1
-24 39
+25 78
+1 39 0 39
cob=(3) /lib/x86_64-linux-gnu/libc-2.27.so
cfi=(77) /build/glibc-kAz5Pl/glibc-2.27/time/../sysdeps/unix/sysv/linux/x86/gettimeofday.c
cfn=(282) gettimeofday
calls=1 42 
* 77 11 5 3 0 0 3
cob=(3)
cfi=(58) /build/glibc-kAz5Pl/glibc-2.27/string/../sysdeps/x86_64/multiarch/ifunc-strcasecmp.h
cfn=(278) strncasecmp_l
calls=1 32 
* 6 3 0 1 0 0 1
cob=(3)
cfi=(60) /build/glibc-kAz5Pl/glibc-2.27/string/../sysdeps/x86_64/multiarch/ifunc-avx2.h
cfn=(276) strchrnul
calls=1 32 
* 8 3 0 1 0 0 1
cob=(3)
cfi=(57) /build/glibc-kAz5Pl/glibc-2.27/string/../sysdeps/x86_64/multiarch/ifunc-unaligned-ssse3.h
cfn=(274) stpcpy
calls=1 33 
* 9 4 0 1 0 0 1
cob=(3)
cfi=(57)
cfn=(272) stpncpy
calls=1 33 
* 9 4 0 1 0 0 1
cob=(3)
cfi=(70) /build/glibc-kAz5Pl/glibc-2.27/string/../sysdeps/x86_64/multiarch/ifunc-sse4_2.h
cfn=(270) strspn
calls=1 30 
* 6 3 0 1 0 0 1
cob=(3)
cfi=(64) /build/glibc-kAz5Pl/glibc-2.27/wcsmbs/../sysdeps/x86_64/multiarch/ifunc-avx2.h
cfn=(268) wcslen
calls=1 32 
* 8 3 0 2 0 0 2
cob=(3)
cfi=(60)
cfn=(266) memchr
calls=1 32 
* 8 3 0 1 0 0 1
cob=(3)
cfi=(58)
cfn=(262) strcasecmp_l
calls=1 32 
* 6 3 0 1 0 0 1
cob=(3)
cfi=(60)
cfn=(260) memrchr
calls=1 32 
* 8 3 0 1 0 0 1
cob=(3)
cfi=(60)
cfn=(258) strlen
calls=1 32 
* 8 3
cob=(3)
cfi=(74) /build/glibc-kAz5Pl/glibc-2.27/string/../sysdeps/x86_64/multiarch/strchr.c
cfn=(256) index
calls=1 40 
* 8 3
cob=(3)
cfi=(70)
cfn=(254) strpbrk
calls=1 30 
* 6 3 0 1 0 0 1
cob=(3)
cfi=(73) /build/glibc-kAz5Pl/glibc-2.27/wcsmbs/../sysdeps/x86_64/multiarch/ifunc-wmemset.h
cfn=(252) wmemset
calls=2 32 
* 26 6 0 2 0 0 2
cob=(3)
cfi=(72) /build/glibc-kAz5Pl/glibc-2.27/wcsmbs/../sysdeps/x86_64/multiarch/wcsnlen.c
cfn=(250) wcsnlen
calls=1 40 
* 7 3 0 2 0 0 2
cob=(3)
cfi=(56) /build/glibc-kAz5Pl/glibc-2.27/string/../sysdeps/x86_64/multiarch/ifunc-memmove.h
cfn=(248) memcpy@@GLIBC_2.14
calls=1 44 
* 16 4 0 3 0 0 3
cob=(3)
cfi=(57)
cfn=(246) strcpy
calls=1 33 
* 9 4 0 1 0 0 1
cob=(3)
cfi=(58)
cfn=(242) strncasecmp
calls=1 32 
* 6 3 0 1 0 0 1
cob=(3)
cfi=(70)
cfn=(240) strcspn
calls=1 30 
* 6 3 0 1 0 0 1
cob=(3)
cfi=(60)
cfn=(238) strnlen
calls=2 32 
* 16 6 0 2 0 0 2
cob=(3)
cfi=(64)
cfn=(236) wcschr
calls=2 32 
* 16 6 0 2 0 0 2
cob=(3)
cfi=(69) /build/glibc-kAz5Pl/glibc-2.27/string/../sysdeps/x86_64/multiarch/ifunc-memset.h
cfn=(234) memset
calls=1 42 
* 18 4 0 1 0 0 1
cob=(3)
cfi=(68) /build/glibc-kAz5Pl/glibc-2.27/string/../sysdeps/x86_64/multiarch/strcmp.c
cfn=(232) strcmp
calls=1 38 
* 9 4 0 1 0 0 1
cob=(3)
cfi=(67) /build/glibc-kAz5Pl/glibc-2.27/string/../sysdeps/x86_64/multiarch/strncmp.c
cfn=(230) strncmp
calls=1 38 
* 8 4 0 1 0 0 1
cob=(3)
cfi=(65) /build/glibc-kAz5Pl/glibc-2.27/string/../sysdeps/x86_64/multiarch/ifunc-memcmp.h
cfn=(226) bcmp
calls=1 33 
* 13 4 0 1 0 0 1
cob=(3)
cfi=(56)
cfn=(224) mempcpy
calls=1 44 
* 16 4 0 3 0 0 3
cob=(3)
cfi=(64)
cfn=(222) wmemchr
calls=2 32 
* 16 6 0 2 0 0 2
cob=(3)
cfi=(60)
cfn=(220) rawmemchr
calls=1 32 
* 8 3 0 1 0 0 1
cob=(3)
cfi=(61) /build/glibc-kAz5Pl/glibc-2.27/time/../sysdeps/unix/sysv/linux/x86/time.c
cfn=(214) time
calls=1 43 
* 77 11 5 6 3 0 6 1
cob=(3)
cfi=(60)
cfn=(212) rindex
calls=1 32 
* 8 3 0 1 0 0 1
cob=(3)
cfi=(57)
cfn=(210) strcat
calls=1 33 
* 9 4 0 2 0 0 2
cob=(3)
cfi=(58)
cfn=(206) strcasecmp
calls=1 32 
* 6 3 0 2 0 0 2
cob=(3)
cfi=(57)
cfn=(204) strncpy
calls=1 33 
* 9 4 0 1 0 0 1
cob=(3)
cfi=(56)
cfn=(202) memmove
calls=2 44 
* 32 8 0 3 2 0 3
fi=(4)
75 39
fi=(5)
578 39 0 39 0 0 2 0 0 2
fi=(4)
75 80
+36 7 0 0 1 0 0 1
fi=(5)
541 1240 1240 0 0 155 0 0 155
fi=(4)
111 1240
fi=(5)
541 1240
fi=(4)
111 1240
fi=(5)
541 1240 0 1240 0 0 234 0 0 232
fi=(4)
111 1240
fi=(5)
535 1240 1240 0 0 311 0 0 311
fi=(4)
112 2480 1240
fi=(5)
535 2480
+5 2480
fi=(4)
50 1 0 0 1 0 0 1
160 1 1
51 1 0 1
160 4 0 2 1 0 0 1
+2 20 5 0 0 1 0 0 1
+9 10 10
-1 5 5
+1 5 0 5
-1 10
fi=(5)
276 5 0 0 1 0 0 1
fi=(4)
170 15 0 5
fi=(5)
276 5
+21 10
+4 10
+7 20 5 0 0 3 0 0 3
fi=(55)
102 15 5 0 1 0 0 1
fi=(5)
308 165 20 25 2 1 0 2
cfi=(6)
cfn=(194)
calls=5 790 
* 2563 632 299 0 10 0 0 8
* 30 15 10
+2 15
+25 30 5 0 0 1 0 0 1
fe=(54)
-77 5 0 1
fi=(5)
82 6 6 0 1 2 0 1
+4 9 3 0 1 3 0 1 2
+14 3 3
-8 3 0 3
+8 6
+20 6 3
+4 12 3 0 1 0 0 1
-2 6 0 3
458 20 10 5 1 1 1 1 1 1
fi=(4)
160 17 7
+14 2
fi=(5)
313 1 1 0 1 0 0 1
-3 2 2
+3 3
-5 60 9 6 4 0 0 4
fe=(54)

fl=(49)
fn=(156)
187 9 0 6 1 0 0 1
+8 2 1
+3 3 1 0 0 1 0 0 1
+51 4 1 0 1 0 0 1
+11 1 1
-2 1
fi=(50) /build/glibc-kAz5Pl/glibc-2.27/elf/../sysdeps/x86/dl-procinfo.h
39 1
fe=(49)
258 2 0 1
fi=(50)
39 3 0 1
+3 3 0 1 1 0 0 1
cfi=(21)
cfn=(56)
calls=1 144 
* 24 7
* 2
fe=(49)
264 4 0 1 1 0 0 1
cfi=(9) /build/glibc-kAz5Pl/glibc-2.27/elf/dl-tunables.c
cfn=(26) __tunable_get_val
calls=1 373 
* 18 4 1
* 1 1
fi=(26) /build/glibc-kAz5Pl/glibc-2.27/elf/../sysdeps/unix/sysv/linux/not-errno.h
28 2
fe=(49)
264 1 0 1
fi=(26)
28 2
fe=(49)
285 1 1
-19 2
fi=(26)
32 2
fe=(49)
285 2 1
-15 2 1 1
+15 1 0 0 1 0 0 1
-15 1 0 1
+15 126 10 9 1 9 0 1 9
cfn=(162) _dl_cache_libcmp
calls=9 142 
* 635 101 0 4 11 0 4 11
* 70 3 3 2 0 0 2
cfn=(162)
calls=1 142 
* 70 11
* 4 0 1
cfn=(162)
calls=1 142 
* 145 23
* 7 3 0 1 0 0 1
-15 2 2
+15 7 1 3
-14 2
-1 3 0 1 1 0 0 1
+15 24 9 1 2 0 0 2
+16 2 1
+4 2 1
+8 3 1 1 1 0 0 1
cfi=(13)
cfn=(28)
calls=1 79 
* 34 5
* 2
+1 1
-1 4
+1 2 0 1
cfi=(20)
cfn=(48)
calls=1 129 
* 10 3 2
+1 2 0 1
cfi=(29)
cfn=(84)
calls=1 40 
* 80 14 9 0 0 1 0 0 1
+1 8 7
201 4 0 1 1 0 1 1 0 1
cfi=(35)
cfn=(158) _dl_sysdep_read_whole_file
calls=1 44 
* 107 16 16 3 0 0 3
+8 1
-8 1
+8 4 1
+1 7 3 0 1 1 0 1 1
+7 1 1
-3 1 0 1
+3 3
+3 1
+1 2 0 0 1 0 0 1
-1 1 0 1
+1 1
+1 8 3 0 0 1 0 0 1
+63 3 0 0 1 0 0 1
fi=(50)
42 3 0 1 1 0 0 1
fe=(49)

fn=(294)
326 4 1 0 1 1
-1 1
+3 2 1 1 1 0 0 1
cfi=(51)
cfn=(296) munmap
calls=1 78 
* 5 1 0 1 0 0 1
+1 1 0 1
+2 2 1

fn=(162)
142 44 22 0 1 9 0 1 9
+2 232 0 0 1 0 0 1
+20 112
+2 112
+4 47
-28 47 47
+29 94 47 0 0 2 0 0 2
-29 94
+4 4
+8 2 2
-2 4
+1 4 0 0 1 0 0 1
+1 4
-2 2
+2 2
+2 6 2
-3 2
+3 2
+2 4
cfn=(163) _dl_cache_libcmp'2
calls=2 -16 
* 14 6
+9 18 9 0 1 0 0 1

fn=(163)
142 8 4
+32 6 2

fl=(21)
fn=(56)
144 188 0 0 1 0 0 1
+1 188
+2 188
+1 188
+21 188
+1 188
+1 107
+1 107
+1 71 71 0 0 11 0 0 7
+1 71 71 0 0 11 0 0 1
+1 71 71
+1 71 71
+21 71
+1 71
+1 71
+1 71
+1 71
+1 71
+1 71
+5 5
+1 5
+9 5
+1 5
+1 5
+1 5
+1 5
+1 5
+1 5
+1 5
-7 117 0 0 1 0 0 1
+1 117
+1 117
+1 117
+1 117
+1 117
+1 117
+1 117
+1 55
+1 39
+1 39
+1 39
+2 39
+1 39
+1 39 0 0 1 0 0 1
+1 39 39 0 0 6 0 0 2
+1 39
+1 39
-5 16
+1 16
+1 16
+1 16 16 0 0 2
+1 16
+1 16
+10 67 67 0 0 1
+1 67
+1 67
+2 67 67 0 0 1
+6 67
+1 67
+1 67
+1 67
+1 67
+5 67
+2 65
+1 65 0 0 2 0 0 1
+1 130
+8 65 65 0 0 1
+1 65 65 0 0 1 0 0 1
+3 65
+1 65
+1 65
+1 65
+1 65
+1 65
696 2 0 0 1 0 0 1
+1 2 2
+1 2 2
+1 2
+1 2 0 0 1 0 0 1
+2 2
+1 2
+1 2
+1 2
+1 2
+1 2
+1 2
+1 2 2
+4 2
+1 2
+1 2
+6 2
+1 2
+1 4 0 0 1 0 0 1
+4 2
+1 2
+3 2 2
+1 2 2 0 0 2 0 0 1
+1 2
+3 2
+1 2
+1 2
+6 2
+1 2
+1 2 0 0 1 0 0 1
+1 2
+1 2
+1 2
946 2 0 0 1 0 0 1
+1 2 2
+1 2 2
+1 2
+1 2 0 0 1 0 0 1
+2 2
+1 2
+1 2
+1 2
+1 2
+1 2
+1 2
+1 1 1
+4 1
+1 1
+1 1
+6 1
+1 1
+1 2 0 0 1 0 0 1
+4 1
+1 1
+3 1 1
+1 1 1 0 0 1 0 0 1
+1 1
+3 1
+1 1
+1 1
+6 1
+1 1
+1 1 0 0 1 0 0 1
+1 1
+1 1
+1 1
+72 5 0 0 1 0 0 1
+1 5 5
+1 5 5
+1 5
+1 5 0 0 1 0 0 1
+2 5
+1 5
+1 5
+1 5
+1 5
+1 5
+1 5
+1 2 2
+4 2
+1 2
+1 2
+6 2
+1 2
+1 4 0 0 1 0 0 1
+4 2
+1 2
+3 2 2
+1 2 2 0 0 1 0 0 1
+1 2
+3 2
+1 2
+1 2
+6 2
+1 2
+1 2 0 0 1 0 0 1
+1 2
+1 2
+1 2
+72 3 0 0 2 0 0 1
+1 3 3 0 0 1 0 0 1
+1 3 3
+1 3
+1 3 0 0 2 0 0 1
+2 3
+1 3
+1 3
+1 3
+1 3
+1 3
+1 3
+1 1 1
+4 1
+1 1
+1 1
+6 1
+1 1
+1 2 0 0 1 0 0 1
+4 1
+1 1
+3 1 1
+1 1 1
+1 1
+3 1
+1 1
+1 1
+6 1
+1 1
+1 1 0 0 1 0 0 1
+1 1
+1 1
+1 1
+72 3 0 0 1 0 0 1
+1 3 3 0 0 1 0 0 1
+1 3 3
+1 3
+1 3 0 0 1 0 0 1
+2 3
+1 3
+1 3
+1 3
+1 3
+1 3
+1 3
1696 2 0 0 1 0 0 1
+1 2 2 0 0 1 0 0 1
+1 2 2 0 0 1 0 0 1
+1 2
+1 2 0 0 1 0 0 1
+2 2
+1 2
+1 2
+1 2
+1 2
+1 2
+1 2
+1 1 1
+4 1
+1 1
+1 1
+6 1
+1 1
+1 2 0 0 1 0 0 1
+4 1
+1 1
+3 1 1 0 0 1 0 0 1
+1 1 1
+1 1
+3 1
+1 1
+1 1
+6 1
+1 1
+1 1 0 0 1 0 0 1
+1 1
+1 1
+1 1
+7 1
+1 1
+2 1
+1 1
+2 1 1
+1 1 1
+1 1
+3 1
+1 1
+1 1
+6 1
+1 1 0 0 1 0 0 1
+1 1
+1 1
+1 1
+1 1
+41 5 0 0 1 0 0 1
+1 5 5
+1 5 5 0 0 1 0 0 1
+1 5
+1 5 0 0 1 0 0 1
+2 5
+1 5
+1 5
+1 5
+1 5
+1 5
+1 5
+1 5 5
+4 5
+1 5
+1 5
+6 5
+1 5
+1 10 0 0 1 0 0 1
+4 5
+1 5
+3 5 5 0 0 1 0 0 1
+1 5 5
+1 5
+3 5
+1 5
+1 5
+6 5
+1 5
+1 5 0 0 1 0 0 1
+1 5
+1 5
+1 5
+72 9 0 0 1 0 0 1
+1 9 9 0 0 1 0 0 1
+1 9 9
+1 9
+1 9 0 0 1 0 0 1
+2 9
+1 9
+1 9
+1 9
+1 9
+1 9
+1 9
+1 5 5
+4 5
+1 5
+1 5
+6 5
+1 5
+1 10 0 0 1 0 0 1
+4 5
+1 5
+3 5 5 0 0 1 0 0 1
+1 5 5
+1 5
+3 5
+1 5
+1 5
+6 5
+1 5
+1 5 0 0 1 0 0 1
+1 5
+1 5
+1 5
+72 24 0 0 1 0 0 1
+1 24 24 0 0 1 0 0 1
+1 24 24
+1 24
+1 24 0 0 1 0 0 1
+2 24
+1 24
+1 24
+1 24
+1 24
+1 24
+1 24
2200 82
+2 82
+1 82
+1 82
+1 82
-3 40 0 0 1 0 0 1
+1 40
+1 40
+1 40 0 0 1 0 0 1
+1 117
+5 39
+6 39 39
+1 39 39
+8 39
+1 39 39
-16 149
+6 149 149
+1 149 149
+8 149
+1 149 149

fl=(6)
fn=(10)
939 12 4 0 1 0 0 1
+4 4 4
+4 8 4 4 1 4 1 1 4 1
+2 4 4 0 0 1 0 0 1
-1 4 4
+3 12
+1 4 0 4
+1 4
+3 4
-3 4 4
+7 4
-4 4
-1 4 0 4
+3 4 0 4
+2 4
-7 4 0 4 1 0 0 1
+7 4 0 4
+1 4 4

fn=(194)
790 890 0 534 1 0 3 1 0 1
555 89 89 0 0 71 0 0 70
790 356 89 267 1 0 3 1 0 1
555 267
-1 178
+2 89
-1 89
+1 267
-1 267 89 0 0 1 0 0 1
+1 1161
-1 1161
+1 3483
-1 3572 1161 0 0 13 0 0 11
792 89
+4 89 0 89 0 0 2
+4 89 0 0 1 0 0 1
-8 89 0 89 0 0 3 0 0 1
+1 178 0 178
+7 342 171
+5 267 89 0 0 4
+6 267 89 0 1 0 0 1
-7 979 178 356 1 0 0 1
+15 24
-8 36 12
+2 1157 445 623 1 0 3 1 0 1
cfn=(196) do_lookup_x
calls=89 338 
* 34921 10327 4187 44 302 22 41 178 8
+3 433 83
+25 178 89
+24 581 166 0 1 0 0 1
+31 83
+9 332 83
+14 249 83 0 0 3
+3 332 166 0 1 0 0 1
+5 83 0 83
+2 813 623
-86 36 6 0 1 0 0 1
+17 6 0 6 1 0 0 1
+1 12 0 0 1 0 0 1
+59 2 0 1 1 0 0 1

fn=(198) check_match
75 664 166 332 2 15 0 2 13
+3 581 166 0 0 8 0 0 7
+12 498 83 83 1 0 5 1 0 2
+3 386 36 18 0 0 3 0 0 1
cfi=(21)
cfn=(56)
calls=18 +51 
* 951 152 0 16 23 0 13 18
* 36
+5 83
-1 83 83
+1 83
+2 164
+19 164 164 0 1 7 0 1 4
+1 656 246 0 0 3
+46 83
-15 83
+15 415 415 0 1 0 0 1
-18 2
+2 2 2
+1 1
-1 2
+1 3
-1 2
-29 246 164 82 1 4 0 1
cfi=(21)
cfn=(56)
calls=82 +23 
* 3697 588 0 5 5 0 5
* 246

fn=(196)
338 623 0 534 1 0 3 1 0 1
+1 89 89 0 0 3
-1 534 178 356 0 0 6 0 0 2
+6 89
+42 89
+35 89
-76 89 89 0 1 0 0 1
+41 89
+35 178 0 89
-35 89 0 89
+35 178 89
-51 840 280 0 0 7
+8 280 280 0 0 7
-4 280 0 280
+1 280 0 280 1 0 0 1
+3 560 280 280 0 9
+1 840 560 280 0 5
+3 280 280
+1 560
+4 560 560
+3 560 560
-5 280 280 0 1 46 0 1 31
+5 840
+3 1960
-99 197
540 1420 539 0 0 1
+1 48 0 24
cfi=(35)
cfn=(118)
calls=24 282 
* 2112 492 96 0 23 3 0 0 1
* 72
+3 591
349 560 560 0 1 11 0 1
+3 560
+4 1120 0 280 1 0 1 1
+4 560 280 0 0 9
+4 560 280 0 0 2
+88 166 83 0 1 0 0 1
fi=(55)
102 249 83
fe=(6)
503 166
+3 628 83 0 1 0 0 1
+41 6
+1 48 42
397 252 0 0 1 0 0 1
-1 168 168 0 0 50 0 0 45
+2 168
+2 84 84
+6 672 0 420 1 0 0 1
-6 84
+6 336
+7 258
-10 845 169 0 1 63 0 1 60
+2 166 83
+1 498 166 332
-1 83
+1 83 0 83
+1 83
-2 83
+1 83 83
+1 83
-1 498 332 83 1 0 1 1 0 1
cfn=(198)
calls=83 75 
* 9131 2265 515 27 65 8 24 42 3
+4 249
510 27 9 0 0 1
+12 166 83 83 1 0 0 1
+1 83 0 83
+25 166 83
-24 83
+24 498 498
444 2 1 0 1 0 0 1
180 670 336 0 3 0 0 3

fl=(19)
fn=(42)
92 8 0 0 1 0 0 1
+8 8
-1 16
-3 8
+4 16
+3 8
cfn=(46)
calls=8 -53 
* 210 35 35 5 0 0 5
* 8 8 0 1 0 0 1

fn=(46)
50 87 43 0 1 0 0 1
+11 42
+3 21
-3 21 0 21
+3 42
-3 2
+3 1
-3 1 0 1
+3 86 0 0 1 0 0 1
-15 3 0 2
+20 4 1
+1 2
+2 1
+1 8 0 1 1 0 0 1
cfi=(41)
cfn=(134)
calls=1 -29 
* 35 7 6
+2 2
+2 3 1
+2 1
+3 1 0 1
-3 2 0 1
+4 1 0 1
+2 5 3
-2 21 0 21
-1 21 0 21
+3 42 21
-29 1 1 0 1 0 0 1
-1 1
+1 1 0 0 1 0 0 1
+1 2
-2 2 0 1

fn=(78)
265 6 2 0 1 0 0 1
+2 2 2
+1 4
+4 47 1
+7 112 28
-2 56 0 0 1 0 0 1
+13 1 0 1
+4 2 2
-7 14
-15 44 14

fn=(88) free
111 4 2 0 1 0 0 1

fl=(90) /build/glibc-kAz5Pl/glibc-2.27/elf/../elf/dl-runtime.c
fn=(348) _dl_fixup
66 10 0 5 1
+6 10
-6 5
+3 10 10 0 1 3 0 1
+3 15 10 0 0 5
-4 5 5
+5 5 5 0 0 2
+2 5 5
-2 25 5 0 0 2
+2 5 5
-2 5 0 5
+2 5
+5 10 0 0 1 0 0 1
+4 10 5 0 0 4 0 0 1
+4 5 5 0 0 3
+7 5
-7 10
+4 10 10 0 0 3
+1 20 5 0 0 1
+2 20 5 0 1 2 0 1
+7 10 5 0 0 1
-1 5
+1 5
+10 45 10 15 1 3 0 1
cfi=(6)
cfn=(194)
calls=5 790 
* 4573 1092 430 3 87 26 2 17 11
* 5
+4 25 15
+10 35 10
+16 5 5
-8 5 5
+8 15
+4 15 5 0 1 1 0 1
fi=(5)
+96 5 0 5
fe=(90)
-92 15 10

fl=(53)
fn=(176) _dl_check_map_versions
156 28 0 24 1 0 0 1
+15 12 4
+2 20 4 12 1 0 0 1
+2 4 4
+1 4 4
+2 4
-3 4 0 4
+1 4 0 4
+2 4
+3 6 4
-16 2 0 2
-8 4 0 2 1 0 0 1
+28 2 2 0 0 2 0 0 2
-4 2 0 2
+4 4
+16 2 2
37 2
201 2 2
37 2 2
201 2 2
37 10 2 0 1 0 0 1
+1 5 5
-1 10
+2 21 0 7
cfi=(35)
cfn=(118)
calls=7 282 
* 794 149 29
* 14
209 6 2
+5 2 2
-71 6 2 4 1 0 0 1
+71 4 2 0 0 1 0 0 1
-71 6 0 2
+79 2 2
-2 2 2
-2 4 4
+4 2 0 2
-4 14 10 2 1 0 0 1
+4 2 2
-2 2 2 0 0 1 0 0 1
-2 4 4
+4 2 0 2
-4 24 14 2
57 6 4 2
+8 6 2 0 1 0 0 1
-8 6 4 2
+8 6 2
+6 12 4 0 0 1
+16 4 4
+1 8
+2 4 4
+5 24 4 4 0 2 0 0 2
+14 34 17 0 1 1 0 1 1
+12 39 13 0 0 4 0 0 4
+4 13
-30 26 13 0 0 1 0 0 1
225 16 4 0 1 0 0 1
+3 12 4
+5 2
-11 2
111 4 4 0 1 0 0 1
+3 16 12 4
cfi=(21)
cfn=(56)
calls=4 +30 
* 208 31 0 6 3 0 6 3
* 20 2 2 1 0 0 1
237 8 4
+14 6 2 0 1 0 0 1
+3 8 8 0 1 0 0 1
+3 12 2 2
+3 8 2
+4 2
-7 8 2
+3 6 2
+4 30
-7 120 30 0 0 8 0 0 8
+3 92 30 2 0 3 0 0 3
+8 9 3 0 1 0 0 1
+89 36 32
-83 12 0 3 1 0 0 1
cfi=(19)
cfn=(42)
calls=3 92 
* 81 12 9
* 3 3
+1 3
-2 3 0 3
+2 3 0 0 1 0 0 1
+13 3 3 0 0 1
+2 3 3
-5 3 0 3
+3 3 3
+2 3
-2 3 0 3
+2 3
+3 8 6
+4 6 2
+18 2
-15 6 2
+2 6
-2 6 2 0 1 0 0 1
+2 6
+2 4
+1 4
-1 8 4
+1 4
-1 4
+1 4 0 4 0 0 2 0 0 2
+1 4 4
-2 4 0 4
+2 8 0 4
+1 12 4 4 1 0 0 1
+3 12 4
+8 6 2
+10 9 3
+3 8 6
+20 32
-14 68 34 0 1 0 0 1
-2 32 32
+6 32 32
+1 32 32
+1 32 32
-1 96
+1 32
-1 32 0 32 0 0 9 0 0 9
+1 32 0 32
+1 32 0 32 0 0 5 0 0 5
+3 104 34
-96 2 2 0 1 0 0 1
-86 2 0 2
-8 2 0 2
+94 3

fn=(174)
362 5 0 4 1 0 0 1
+4 5 0 0 1 0 0 1
-2 2
+4 24 4 4
cfn=(176)
calls=4 156 
* 2685 740 255 26 28 16 26 26 16
-2 4 4
+2 16
-2 8 0 0 1 0 0 1
+5 7 5

fl=(45)
fn=(144)
27 12 0 0 1 0 0 1
+1 3 3

fl=(15)
fn=(34)
29 3 3 0 1 0 0 1
+3 10 3
+13 59
-13 177 59
+2 122 61
+1 24 12
+5 2 0 0 1 0 0 1
-3 2
+3 2 0 2
+2 2 2
+7 1 1

fl=(16)
fn=(36)
24 2 0 0 1 0 0 1
+1 2
+1 2
+1 2 0 0 1 0 0 1
+1 2
+1 2
+1 2
+1 2
+3 2
+1 2
+1 1 1
+1 1 1 0 0 1 0 0 1
+1 1
+1 1
+1 1
+1 1
+1 1
+2 2
+1 2 0 0 1 0 0 1
+1 1 1
+1 1 1
+1 1
+1 1
+1 1
+1 1
+1 1
+2 2
+1 2
+1 2 2
+1 2 2 0 0 1 0 0 1
+1 2
+1 2
+1 1
+1 1
+1 1
+2 1
+1 1
+1 1 1
+1 1 1 0 1 0 0 1
+1 1
+1 1
+29 2 0 0 1 0 0 1
+1 2
+15 2
+1 2 2

fl=(23) /build/glibc-kAz5Pl/glibc-2.27/posix/../sysdeps/unix/syscall-template.S
fn=(64) uname
78 4 0 0 1 0 0 1
+1 1 1

fl=(29)
fn=(84)
40 12 0 6 1 0 0 1
+1 3 0 3
cfi=(13)
cfn=(28)
calls=3 +38 
* 84 12 0 1 0 0 1
* 3 0 0 1 0 0 1
+1 6 0 3
cfi=(19)
cfn=(46)
calls=3 +8 
* 54 9 9
* 3 3
+2 6
+4 3
-1 6
+1 6 6
-1 6
cfi=(20)
cfn=(48)
calls=3 +82 
* 38 11 8 0 0 2 0 0 2

fl=(48)
fn=(154)
34 8 0 0 1 0 0 1
-1 8
+1 8
+1 48
+4 1 1
-4 28 7 7

fl=(31)
fn=(182)
332 4 0 3 1 0 0 1
+2 1 1
+11 1 1
+1 2 0 1
cfi=(19)
cfn=(46)
calls=1 50 
* 18 3 3
* 1 1
+1 3 0 0 1 0 0 1
+8 4
+1 1
+4 297 0 289 1 0 36 1 0 36
+19 1 0 1 0 0 1 0 0 1
+2 2 0 1
cfn=(184) allocate_dtv
calls=1 278 
* 47 9 8 1 0 0 1
+1 2
+3 5 4

fn=(288)
887 4 0 3 1 0 0 1
+9 1 1 0 0 1
-3 2 1
+8 7 2 0 1 0 0 1
+41 1 0 1
+1 1 0 1
+1 4 4

fn=(290)
437 7 0 6 1 0 0 1
+1 1
-1 1 0 1
+1 1
+4 1 1
+6 2 2 0 1 1 0 1
-6 1 0 1
+6 1
+12 1 1
-15 1
-1 2
+21 8 1 2 1 0 0 1
+6 15 0 1 1 0 0 1
+3 1 1
+1 2
+6 3 2
+3 1 1 0 1 0 0 1
-2 1
+6 1 1
-6 1
+2 1
+4 1
-4 2 1
+3 1
-3 1 0 1 0 0 1 0 0 1
+1 1 0 1
+2 1
+4 2
+1 4 2 0 1 0 0 1
+2 2
+1 1 1
+12 2 1
-12 2
+9 1 0 1
+3 2 0 1
cfi=(20)
cfn=(74)
calls=1 116 
* 12 3 2 0 1 1 0 0 1
* 4 0 1 1 0 0 1
cfi=(44)
cfn=(140)
calls=1 109 
* 33 1 12 0 0 2 0 0 2
* 6 4
-42 2 1
+52 1 0 0 1 0 0 1
+4 2 1 1
+3 9 8 0 1 0 0 1

fn=(184)
278 3 0 2 1 0 0 1
+8 1
-8 1
+7 2 1
+1 2 0 1
cfi=(19)
cfn=(42)
calls=1 92 
* 27 4 3
* 1 1
+1 2
+9 1
-6 2 0 1
+6 1 0 1
+6 4 3

fn=(164)
51 4 2 0 1 0 0 1
+48 1 0 1
+4 1 1

fn=(180)
141 1 1 0 1 0 0 1
-6 5 0 5
+6 2
+3 2 1
+36 3 1
+2 4 1
-2 1 0 0 1 0 0 1
-2 1
-40 1
-1 1
-1 2
+69 2
+3 2
-3 5
+2 2
+10 1 0 1
-37 2 1
+25 1
-25 2
+5 1 1 0 1 0 0 1
-1 1 1
+5 2 1
-4 1 0 0 1 0 0 1
-1 2
+3 2
+2 3
-9 5 0 0 1 0 0 1
+93 1 1
-53 1 0 1
+1 1 0 1
+52 1 1
-1 1 0 1
+1 4 4 0 1 0 0 1

fn=(92)
113 2 1 0 1 0 0 1
+1 2 2 0 0 1 0 0 1

fl=(35)
fn=(158)
44 2 0 2 1 0 0 1
+3 1
-3 3 0 2
+3 1
-3 3 0 0 1 0 0 1
+3 1 0 1
cfi=(36)
cfn=(122)
calls=1 -8 
* 16 1 1
+1 2
+2 5 0 1
cfi=(40)
cfn=(132)
calls=1 -16 
* 10 1
* 2
+2 1 1
+3 1
-3 1 0 1
+3 1
+13 2 0 1
cfi=(45)
cfn=(144)
calls=1 -41 
* 5 1
+3 7 5
-14 6 0 1 1 0 0 1
cfi=(41)
cfn=(134)
calls=1 -13 
* 35 7 6
* 2

fn=(118)
282 190 0 76 1 0 0 1
+1 76 38 38 1 2 4 1 0 2
cfi=(21)
cfn=(56)
calls=38 144 
* 1282 251 0 6 12 0 6 1
* 38
+1 38
-1 38
+3 38 38
+2 76
+6 35
+1 175 105
-3 39 39
-4 78
+1 126 42 42 1 7 0 1
cfi=(21)
cfn=(56)
calls=42 144 
* 1467 283 0 2 3 0 2
* 84
+6 3
-11 3
+11 12 9

fl=(89) /build/glibc-kAz5Pl/glibc-2.27/elf/../sysdeps/x86_64/dl-trampoline.h
fn=(346) _dl_runtime_resolve_xsave
71 1 0 1 1 0 0 1
+3 1
+2 1
+10 1 1
+6 1 0 1
+1 1 0 1
+1 1 0 1
+1 1 0 1
+1 1 0 1
+1 1 0 1
+1 1 0 1
+4 1
+1 1
+3 1 0 1 0 0 1 0 0 1
+1 1 0 1 1 0 0 1
+2 1 0 1
+1 1 0 1
+1 1 0 1
+1 1 0 1
+1 1 0 1
+1 1 0 1
+2 1 0 34 0 0 4 0 0 1
+7 1 1 0 1 0 0 1
+1 1 1
+1 1 0 1
cfi=(90)
cfn=(348)
calls=1 -59 
* 1027 233 88 8 7 1 7 5
+1 1
+5 1
+1 1
+1 1 36
+2 1 1
+1 1 1
+1 1 1
+1 1 1
+1 1 1
+1 1 1
+1 1 1
+2 1
+2 1 1 0 1 0 0 1
+4 1
+3 1

fn=(347) _dl_runtime_resolve_xsave'2
71 4 0 4
+3 4
+2 4
+10 4 4 0 0 1
+6 4 0 4 0 0 2 0 0 1
+1 4 0 4
+1 4 0 4
+1 4 0 4
+1 4 0 4
+1 4 0 4
+1 4 0 4
+4 4
+1 4
+3 4 0 4 0 0 2
+1 4 0 4
+2 4 0 4
+1 4 0 4
+1 4 0 4
+1 4 0 4
+1 4 0 4
+1 4 0 4
+2 4 0 136 0 0 20 0 0 10
+7 4 4
+1 4 4
+1 4 0 4 0 0 2 0 0 1
cfi=(90)
cfn=(348)
calls=4 -59 
* 3931 999 372 1 110 25 0 13 11
+1 4
+5 4
+1 4
+1 4 144
+2 4 4
+1 4 4
+1 4 4
+1 4 4
+1 4 4
+1 4 4
+1 4 4
+2 4
+2 4 4
+4 4
+3 4

fl=(25)
fn=(68)
42 4 0 3 1 0 0 1
+1 1
-1 8 0 6 0 0 1 0 0 1
+1 4 0 1 1 0 0 1
-1 1 0 1
+1 1 0 1 0 0 1 0 0 1
cfi=(9)
cfn=(26)
calls=1 373 
* 18 4 1
* 1 1
+3 3
-3 1 0 1
+12 6 1
+1 3 0 0 1 0 0 1
+1 1
-2 1
+2 1
-2 5
+1 3
+1 1
-2 1
+2 1
-2 5
+10 3 1
fi=(26)
-37 4 0 0 2 0 0 2
fe=(25)
131 4
-2 1
+17 6
+3 2 0 0 1 0 0 1
329 9 7
69 3 0 0 1 0 0 1
+77 1
+20 1 0 0 1 0 0 1
-19 1
+36 10 0 1
+1 3 1 1 0 0 1 0 0 1
-1 2
+1 3 1 1
fi=(27) /build/glibc-kAz5Pl/glibc-2.27/elf/../sysdeps/x86/dl-hwcap.h
57 6 0 2 1 0 0 1
fe=(25)
186 1 0 1
+1 1 0 1
cfi=(13)
cfn=(28)
calls=1 79 
* 16 2 0 0 1 0 0 1
+1 1 1
-1 1 0 1
+1 3
-5 1 1
+5 1
-5 1
+5 2
-5 5 1 0 1 0 0 1
+8 3 1
+2 1 0 1
+1 6 1 1 1 0 0 1
+4 1
+4 1
-3 1 0 1
-1 1 0 1
+4 2 1
+3 3 0 1
+4 4 1
+1 1 0 0 1 0 0 1
-1 5 1 2
+1 3 1
+2 3
+2 2 1
-1 1
+1 1
-1 1 0 0 1 0 0 1
+2 2
+7 2
+6 11 1 5 1 0 0 1
+1 4 0 1
cfi=(19)
cfn=(46)
calls=1 50 
* 18 3 3
* 1 1
+1 1
-1 1
+1 3 2 0 1 0 0 1
+29 13 1 5
+3 4 1 1 1 0 0 1
+7 1 1
+10 12 2 6 1 0 0 1
-4 2 2
-3 1
+3 1 0 1
cfi=(20)
cfn=(74)
calls=1 116 
* 16 3 2 1 1 1 1 1 1
* 2 2
-3 1
+3 1 0 1
cfi=(20)
cfn=(74)
calls=1 116 
* 16 3 2
* 6 2 2
+3 7 2
+1 12 0 0 1 0 0 1
+1 4 2 1
cfi=(20)
cfn=(74)
calls=1 116 
* 14 3 2
-2 1
+2 2 0 1
-2 1
+5 6 2 2
cfi=(20)
cfn=(74)
calls=2 116 
* 28 6 4
+2 2
-2 4 0 2 1 0 0 1
+2 5 3
-7 4 1
+12 1
+1 2 0 1
-1 9 0 0 1 0 0 1
+1 14 0 7 0 0 1 0 0 1
-1 15 1
+5 7 1
+3 1
-3 1
+3 2
-3 1
+3 1
-3 4
+3 2
-3 2
+3 4
-3 2
+3 2
+1 36 0 0 1 0 0 1
+1 12 12
-1 12
+1 24 0 12
-2 12
+1 24
-1 39
+4 6
+3 1 1
+2 2 1
-1 1 0 0 1 0 0 1
-1 2
+2 3
-1 1
+1 2
+3 2 2
+3 1
-3 1 0 1
-3 2
+2 6
+3 1 1 0 1 0 0 1
+1 1
-1 1 0 1
-5 5
+13 8 3
+1 1
-1 2 0 1
+3 2 0 0 1 0 0 1
-3 3 3
+1 3
-1 6 0 3
+3 6
+3 3 2 1
+2 1
-63 2 0 0 2 0 0 2

fl=(51)
fn=(296)
78 4 0 0 1 0 0 1
+1 1 1

fn=(166)
78 20
+1 5 5

fl=(46)
fn=(146)
27 7 0 1 1 0 0 1
+4 1 1

fl=(7)
fn=(12)
88 8 0 6 1 0 1 1 0 1
+25 1 1
-1 1 0 1
+1 193 62 3 1 8 2 1 8 2
+6 1 1
-3 1
+1 1 0 1
-4 1 0 1 0 0 1 0 0 1
+3 1 0 1
+3 4 2 0 1 1 0 1 1
+1 2 1
-1 12 1 7 1 0 1 1 0 1
-29 1
-1 10 4 5 1 1 0 1 1
+30 2
+1 105 17 0 0 3 0 0 3
+3 1 1
-4 70 19 6 3 2 0 3 2
+62 1 1 0 1 0 0 1
-62 1
+63 1 0 1
-1 1 0 1
-62 3 1
+34 1 1 0 1 0 0 1
-34 2 1
+35 1
-35 2
+46 1 1 0 1 0 0 1
-46 1
+47 1 0 1
-1 1 0 1
-46 3 1
+40 1 1 0 1 1 0 1 1
-40 1
+41 1 0 1
-1 1 0 1
-40 3 1
+37 1 1 0 0 1 0 0 1
-37 2 1
+38 1
-38 3
+13 1 1 0 1 1 0 1 1
-13 2 1
+14 1
-14 2
+10 1 1 0 1 0 0 1
-10 2 1
+11 1
-11 2
+7 1 1
-7 4 1
224 1 0 1 1 0 0 1
cfi=(9)
cfn=(16) __GI___tunables_init
calls=1 +65 
* 23840 4802 6 6 35 1 6 35 1
fi=(11)
35 2 0 1
cfi=(12)
cfn=(22)
calls=1 -4 
* 11 1 1 2 0 1 2 0 1
fi=(8)
196 1
-12 1 0 1
+1 1 0 1
+11 1
+3 1
-3 1 0 1
+3 5 0 0 1 0 0 1
366 3 1
+1 1 0 1 1 0 0 1
+3 2
+1 1 0 1
+6 1 0 1
+5 2
-3 1 0 1
+3 1
-4 1 0 1
+4 1 0 1
cfi=(9)
cfn=(26)
calls=1 -9 
* 16 4 1 2 0 0 2
+2 4 0 1 1 0 0 1
cfi=(9)
cfn=(26)
calls=1 -11 
* 18 4 1
* 1 1
+2 3
-2 1 0 1
+2 1 0 1
cfi=(9)
cfn=(26)
calls=1 -13 
* 18 4 1
* 1 1
+2 3
-2 1 0 1
+2 1 0 1
cfi=(9)
cfn=(26)
calls=1 -15 
* 18 4 1
+12 1 1 0 1 0 0 1
-12 1 1
+11 1 0 1
-11 1 0 1
+12 1
fe=(7)
236 1 0 1
cfi=(13)
cfn=(28)
calls=1 79 
* 16 2 0 2 1 0 2 1
* 1 0 1
+2 2 0 1
cfi=(14) /build/glibc-kAz5Pl/glibc-2.27/elf/../misc/sbrk.c
cfn=(30) sbrk
calls=1 32 
* 17 5 2 2 0 0 2
* 3 0 0 1 0 0 1
+12 3 1
+3 5 1 1
cfi=(2)
cfn=(32)
calls=1 870 
* 94237 23397 10779 608 1154 490 605 1017 467
+1 1 1 0 0 1
+1 8 7 0 1 1 0 1
fi=(8)
404 3 1 0 1 0 0 1
+28 2 0 1 1 0 0 1
-9 3 0 0 1 0 0 1
+2 4 1
+3 4 1 0 1 0 0 1
+1 2
205 6 0 1 1 0 0 1
cfn=(24)
calls=1 34 
* 85 8 18 7 1 0 7 1
+3 3 1
+95 2 0 0 1 0 0 1
+2 1
+7 4
203 1
312 4 1 1
210 5 4 1 1 0 0 1
+1 7 1 0 1 1 0 1 1
+85 3 0 1
-79 2 0 1 1 0 0 1
fe=(7)

fn=(292)
260 1 1

fl=(28)
fn=(82)
24 6 0 0 1 0 0 1
+1 6
+1 6
+1 6
+1 6 0 0 1 0 0 1
+1 6
+1 6
+1 6
+1 6 6 0 0 2 0 0 2
+1 6
+1 6
+1 6
+1 6
+1 6
+1 6
+1 6
+1 6
+1 4
+4 4
+1 4
+1 4 4 0 1 0 0 1
+1 4
+2 4 4
+4 2 2
+1 2
+1 2
+1 2
+1 2
+1 2
+1 2 2 0 0 1 0 0 1
+1 2
+1 2
+1 2
+1 2
+1 2
+1 2
+1 2 2 0 1 0 0 1
+1 2
+1 2
+1 2
+1 2
+1 2
+1 2
+1 2
+1 2
+1 2
+1 2
+52 2 0 0 1 0 0 1
+4 2
+1 2
+1 2 2
+1 2
+2 2 2

fl=(52)
fn=(168)
28 16 0 12 2 0 0 1
+2 2
-2 2 0 2
+2 2
+92 10 0 4 2 0 1 1
-88 10 0 4
+1 4
-1 2
-1 2
+1 8 0 2
+1 2 0 2 2 0 0 1
cfi=(44)
cfn=(140)
calls=2 +74 
* 30 2 4 3
* 32 2 10
+4 4 2 0 2 0 0 1
+3 2 2
-3 4 0 4
+1 6 4
+2 2
-7 8 4
+4 8 4
+3 4 4
-3 8 0 8
+1 12 8
+2 4
+12 36 22 0 2 0 0 1
+2 12 8
+1 8
-1 6 4
+1 4
+2 18 6 0 0 1
+1 12
+58 24 4 4
cfi=(44)
cfn=(140)
calls=4 -9 
* 64 4 8
* 12
-28 24 6 0 2 0 0 1
-36 12 0 0 2 0 0 1
+61 28 10
-25 9 3 0 1 0 0 1
-44 12 6 0 2 0 0 1
+69 2
+7 16 14

fl=(47)
fn=(148)
159 1 0 0 1 0 0 1
-1 1 0 1
+1 1
-1 4 0 3 1 0 0 1
+1 1
-1 2 0 2
+1 1
-1 2 0 1
+1 1
-1 2 0 2
+1 1
-8 1 1
+8 2 0 0 1 0 0 1
-14 1
+6 3 0 1
+24 1
-16 1
-16 1 0 1 0 0 1 0 0 1
+1 1 0 1
+1 1 0 1
+6 1 0 1
+24 2
-28 2
-2 1 0 0 1 0 0 1
+31 1 1
-33 3 0 1
+2 2
-1 1 0 1
+1 2 0 1
+6 3 1
+24 1
-24 1 0 1 1 0 0 1
+24 6 1 2
+4 1 1
+21 1 0 1
-14 1 0 1
-1 3 0 3 1 0 0 1
-6 1 0 1
+19 1 1
+2 1 0 1
-2 1 0 1
+11 2 1 1
+4 4 2 0 1 0 0 1
-4 6 3 3
+4 12 6
+12 12 8
+2 4 4
+6 2 0 2
-6 2 2
+6 2
+1 4 2 2 1 0 0 1
+1 2 2
-3 2 0 2
+3 2 0 2
+3 10 6
-32 2
+32 2 0 2
+66 6 0 2 1 0 0 1
-59 10 2 2
cfi=(28)
cfn=(82)
calls=2 24 
* 70 9 0 0 3 0 0 3
* 4
+4 6 2
-2 2 0 2
+2 2 0 2
cfi=(33)
cfn=(110) _dl_catch_exception
calls=2 -74 
* 5931 1201 760 72 47 65 72 47 65
* 2 2
+1 4 2 0 1 0 0 1
+9 2 2
+2 4 2
+5 2
+6 2 2
+2 2 0 2
-8 4
+3 2 0 2 0 0 1 0 0 1
+1 2 0 2
+1 2 0 2 1 0 0 1
+1 2 0 2
+4 10 2 4
+4 4
+1 3 0 1
-43 192 48
+1 96 0 0 1 0 0 1
+44 138
434 4 0 0 1 0 0 1
+2 6 0 2
+3 4
-1 2 0 2
cfi=(19)
cfn=(46)
calls=2 50 
* 36 6 6
* 2 2
+2 2
-2 2
+2 2
+3 2 2
+1 8
-1 2 0 2 0 0 1 0 0 1
+1 2 0 2
cfi=(20)
cfn=(48)
calls=2 129 
* 20 6 4
+1 10 0 2
cfi=(20)
cfn=(48)
calls=2 129 
* 20 6 4 0 0 1 0 0 1
+4 2 0 2
-1 2 0 2
+5 28 14 3 1 0 0 1
+7 6 2 0 1 0 0 1
+4 5 2 1 1 0 0 1
+11 2
-1 1 0 1
cfi=(19)
cfn=(46)
calls=1 50 
* 18 3 3
* 1 1
+3 1
-3 1
+3 1 0 0 1 0 0 1
+5 1
+3 2 1
-3 3 1 1
+1 2 0 1
+4 12 4
+4 16 4 4 1 0 1 1 0 1
+4 4 0 4
-10 12 4
+13 2 1
+51 3 2
+2 1 1 0 1 0 0 1
-1 1
+1 3 1
+35 6 0 2 2 0 0 2
cfi=(20)
cfn=(48)
calls=1 129 
* 10 3 2
+4 5 0 1
cfi=(52)
cfn=(168)
calls=1 28 
* 231 55 32 7 0 0 7
+3 1 0 1
+2 1 1
+1 1 0 1
-1 1 0 1
+2 3 1
+7 3 1 0 1 0 0 1
+3 3 1
+3 8 7
225 8 4 0 1 1 0 1 1
-19 2
434 5 0 0 1 0 0 1
+27 2 0 1
214 25 11 0 1 0 0 1
+2 2
+2 8 4 0 1 0 0 1
+2 26 0 4
456 9 3
-1 4 4 0 1 0 0 1
+1 10 2
199 2 0 1 1 0 0 1
573 6 0 3 1 0 0 1

fn=(150) openaux
60 4 0 2 1 0 0 1
+7 2 2
-4 6 6
+1 2 2
-1 2 2
+1 2
-1 10 0 2
cfi=(24)
cfn=(116)
calls=2 2080 
* 5797 1161 712 71 47 63 71 47 63
* 2 0 2
+5 4 4

fl=(36)
fn=(122)
39 11 0 0 1 0 0 1
fi=(37) /build/glibc-kAz5Pl/glibc-2.27/io/../sysdeps/unix/sysv/linux/open64.c
-3 11 0 11 0 0 1 0 0 1
+3 66
+8 77 0 0 1 0 0 1
+2 3 3
-2 24 0 8 1 0 0 1
+2 8 8
fe=(36)

fl=(34) /build/glibc-kAz5Pl/glibc-2.27/setjmp/../sysdeps/x86_64/setjmp.S
fn=(112) __sigsetjmp
26 3 0 3 1 0 0 1
+9 3
+1 6 3 0 1 0 0 1
+1 3 0 3
+4 3 0 3 0 0 1 0 0 1
+1 3 0 3
+1 3 0 3
+1 3 0 3
+1 3
+2 6 3
+2 3 0 3
+1 3 3
+3 6 3
+2 3 0 3
+4 3
+1 3 3

fl=(32)
fn=(98)
30 1 0 0 1 0 0 1
+7 1
+1 1
+2 1 0 0 1 0 0 1
+1 1
+1 1
+1 1
+1 33 0 32 0 0 4 0 0 4
+3 2
+7 1 1
+1 1
+1 1
+1 1 0 1
+2 1 1
+1 1
+1 1
+1 1 0 1
+2 1 1
+1 1
+1 1
+9 3 0 0 1 0 0 1
+12 1
+2 1 1
+1 1 1
+1 1
-4 11
+2 11 11
+1 11 11
+1 11
+2 12 12
+1 12 12
+1 12
+2 12 12 0 0 1 0 0 1
+1 12 12
+1 12
+2 12 12
+1 12 12
+1 12
+2 1
+1 1
+1 1
+2 1
+7 1
+4 1 1

fl=(38)
fn=(126)
27 8 0 0 1 0 0 1
+1 2 2

fl=(17)
fn=(38)
59 36 0 21 2 0 2 2 0 2
+1 3
-1 3 0 3
+1 6 0 6 0 0 2 0 0 2
cfi=(13)
cfn=(28)
calls=3 +19 
* 66 9 0 0 1 0 0 1
+6 3 3
-6 6
+6 3
+7 3
-7 3
-6 3 0 3
+6 9 0 0 1 0 0 1
+2 6
+5 9 0 6
cfi=(19)
cfn=(42)
calls=3 +19 
* 147 23 20 7 0 0 7
* 3 3 0 1 0 0 1
+3 3
-3 3
+3 3
+4 3 3
+5 3 3
-6 3 0 3 0 0 2 0 0 2
+6 3 3
-5 3 0 0 1 0 0 1
+5 3
-5 3 0 3 0 0 3 0 0 3
+4 3
+1 6 0 3
-1 3 0 3 0 0 1 0 0 1
+1 3 0 3
cfi=(20)
cfn=(48)
calls=3 +44 
* 41 10 7 2 0 4 2 0 4
+10 3 3
-10 3 3
+10 3 3
-10 3 0 3 0 0 2 0 0 2
+10 3
-8 3 0 3 1 0 0 1
+8 6
+1 3
-1 3 0 3 0 0 1 0 0 1
+1 9 3 0 0 3 0 0 3
+3 3 3
-3 3 0 3
+3 3
+9 3
-7 3 0 3 0 0 1 0 0 1
+4 3 0 3 1 0 0 1
+3 8
+2 2 0 1 0 0 1 0 0 1
-2 2
+2 30 0 15 0 0 3 0 0 3
-2 30
+18 6
-6 3
+1 3 0 3 1 0 3 1 0 3
+5 3
-6 3 0 3 0 0 1 0 0 1
+6 9 3
+2 2
+3 2
-3 4 0 2 0 0 1 0 0 1
+3 2
+4 6 2
+4 5 0 0 1 0 0 1
+8 1 0 1
+3 1
+3 2 0 1
-3 1 0 1
+3 1
-3 2
+3 4 0 2
-3 2 0 2
+3 2
+2 2 2 0 1 0 0 1
+21 2
-21 2 0 2
cfi=(13)
cfn=(28)
calls=2 -76 
* 68 10
+4 2 2
-4 4 0 2
+17 2
-13 6
+64 2 0 2
+4 27 21
100 8 2 3 1 0 3 1 0 3
+39 6 0 0 1 0 0 1
+70 6 2 2 1 0 0 1
cfi=(20)
cfn=(74)
calls=2 -93 
* 32 8 6
* 42
+6 40 40
-1 40
+1 42 2
-1 2
+1 6
+5 4 0 2
-96 1 0 0 1 0 0 1
+7 4
+32 4 0 2 1 0 0 1
cfi=(19)
cfn=(46)
calls=2 50 
* 36 6 6
* 2 2
+1 2
-1 4
+1 2

fn=(50)
31 6 0 6 1 0 0 1
+2 3
-2 9 0 3
+2 6 3 3
cfi=(2)
cfn=(52)
calls=3 784 
* 6 3 3 1 0 1 1 0 1
+2 22 3 0 1 0 0 1
+3 15 5
+2 2 0 2
+2 2 0 2
+4 2
+4 2
-4 4 0 2
+1 2 2
+4 4 4
-4 2 0 2
+1 2
+3 2 2
-3 2 0 2
+2 2 2
cfi=(2)
cfn=(54)
calls=2 790 
* 4 2 2
-4 1
+4 1
-4 2 0 1
+1 1 1
+4 2 2
-4 1 0 1
+1 1
+3 1 1
-3 1 0 1
+2 1 1
cfi=(2)
cfn=(54)
calls=1 790 
* 2 1 1
-5 2 0 1

fl=(9)
fn=(16)
289 8 0 6 1 0 1 1 0 1
-9 3 1
68 188 62 0 1 0 0 1
+6 61 61 0 0 12 0 0 12
-3 61
+3 5513 744 0 1 15 0 1 15
+4 122
+5 61
297 61
83 61
297 61
fi=(10) /build/glibc-kAz5Pl/glibc-2.27/elf/dl-tunables.h
121 61
-1 183 0 0 1 0 0 1
+1 69
-1 8 8
+1 16
-1 8 8
+1 32
-1 40 8 0 0 1 0 0 1
fe=(9)
330 244 61
-12 6710 2684 0 1 0 0 1
fi=(10)
120 2196 1098 0 0 6 0 0 6
+1 2334
-1 180 60 0 0 1 0 0 1
fe=(9)
312 5429 0 0 1 0 0 1
68 122
364 8 7

fn=(26)
373 102 17 0 2 10 0 1
+4 17 17 0 0 3
-4 66
+9 3 0 3
+1 3
-6 14 0 14
+22 85 17 0 2 1 0 1
+2 17 17

fl=(78)
fn=(302) call_init.part.0
36 4 4 0 1 0 0 1
+3 4 4
-3 8 0 4 1 0 0 1
+3 12 4 0 0 1
-11 21 0 15
+16 15 3 0 0 2
+5 4 2
+9 12 4 2 1 1 0 1
cob=(3)
cfi=(80) /build/glibc-kAz5Pl/glibc-2.27/csu/../csu/init-first.c
cfn=(314) _init
calls=1 -6 
* 207 49 27 16 5 3 16 0 3
cob=(2)
cfi=(18)
cfn=(304) 0x0000000004026000
calls=1 -58 
* 6 2 0 1 0 0 1
* 2 2 0 0 1
+4 4
+6 2 2
+2 4 4
-2 4 2 0 0 1
+3 10
+1 8 2 2 1 0 0 1
cob=(3)
cfi=(86) /build/glibc-kAz5Pl/glibc-2.27/string/../sysdeps/x86/cacheinfo.c
cfn=(328) init_cacheinfo
calls=1 488 
* 1729 167 90 30 6 3 30 6 3
cob=(4)
cfi=(79)
cfn=(308) 0x0000000000001120
calls=1 -72 
* 17 3 2 3 0 0 3
* 2
-1 4
+3 18 18
-29 3 1
-5 3 1 0 1 0 0 1

fn=(300)
79 11 0 6 1 0 0 1
+1 1 1 0 0 1
+1 1 1 0 1 0 0 1
+3 3 1
+8 2
+25 1 1
+1 6
+1 12 8
-89 17 4 0 1 0 0 1
+88 6 0 3
cfn=(302)
calls=3 -82 
* 2027 250 132 47 16 6 47 6 6
* 6
+7 8 7
-95 2 1 0 1 0 0 1
+57 3 0 2
cfn=(302)
calls=1 -51 
* 76 24 10 8 1 0 8
* 1

fl=(13)
fn=(28)
79 14 0 0 1 0 0 1
+1 14
+1 14
+1 14
+1 14
+1 14
+1 14
+2 14
+2 14
+31 14 14 0 0 3 0 0 3
+1 14
+1 14 0 0 1 0 0 1
+1 14
+1 14
+1 8
+2 8 8
+4 6
+1 6 6
+1 6 6
+1 6 6
+1 6
+1 6
+1 6
+1 6
+1 6
+1 6
+1 6
+1 6
+5 48 6 0 1 0 0 1

fl=(14)
fn=(30)
32 4 0 2 1 0 0 1
+8 6 2
+4 2
+16 5 3 0 1 0 0 1

fl=(11)
fn=(62)
45 4 0 3 1 0 0 1
+2 3 1 0 1 0 0 1
+85 5 4 0 1 0 0 1
-45 3 0 1 1 0 1 1 0 1
cfi=(23)
cfn=(64)
calls=1 -9 
* 5 1 0 1 0 0 1
* 1
+15 1
-15 1
+20 1
-1 1
+3 12 3 0 0 1 0 0 1
+4 3 3
-2 6
+2 9 0 0 1 0 0 1
+7 3
-1 3
+4 3
-2 3
+2 10
+5 2 0 0 1 0 0 1

fl=(30)
fn=(90)
49 8 0 0 1 0 0 1
+5 6
+5 2
-1 1 0 1
+1 2 1
+1 2 0 1
-1 1 0 1
+5 1 1
-14 4 4 0 1 0 0 1
+4 8 4
+4 1
-1 1 0 1
+1 4 3 0 1 0 0 1

fn=(94)
74 2 2

fl=(33)
fn=(110)
175 6 0 3 1 0 0 1
+15 3 3
-3 6 0 6 0 0 3 0 0 3
+4 3
-3 3
-13 3 0 3
+19 3
-3 3 0 3
+3 3
-19 3 0 3
+13 3 0 3
+2 3 0 3 1 0 0 1
+4 3 0 3 0 0 1 0 0 1
cfi=(34)
cfn=(112)
calls=3 26 
* 57 15 24 2 0 1 2 0 1
* 9
+2 9 6 3
cfi=(47)
cfn=(150)
calls=2 60 
* 5831 1177 718 72 47 63 72 47 63
cfi=(2)
cfn=(114)
calls=1 588 
* 2389 524 281 90 23 32 90 23 32
+2 3 3
-1 3 3
+1 6 0 3
-1 3 0 3
+1 3 0 3
+9 12 6

fn=(170)
226 3 0 2 1 0 0 1
+1 1 1
+1 1 1
+3 1 0 1
+1 1 0 1
+2 2 0 1
cfi=(2)
cfn=(172)
calls=1 621 
* 2766 757 265 30 28 16 30 26 16
+2 1 0 1
+1 1 0 1
+1 4 3

fn=(106)
213 6 0 3 1 0 0 1
+2 2 0 0 1 0 0 1
-2 1
+2 2 0 1
cfn=(110)
calls=1 -40 
* 2439 536 302 94 23 35 94 23 35
* 1 1
+1 2 1 1
+1 1 1
+1 1 1
-1 1 0 1
+1 1 0 1
+2 5 4

fl=(40)
fn=(132)
34 3 0 0 1 0 0 1
-1 3
+1 3
+1 18
+4 3 3

fl=(124) /build/glibc-kAz5Pl/glibc-2.27/elf/dl-open.c
fn=(478) _dl_find_dso_for_object
176 5 0 4 1 0 0 1
+4 5 1
+1 4 1 0 0 1
+1 12 6 0 1 1 0 1
+1 2 1
-2 6 2
+5 2 1 0 1 0 0 1
+4 7 5

fl=(44)
fn=(140)
109 45 0 0 2 0 0 1
+2 9
+1 9
+1 2
+1 2
+60 2
+1 2
+10 2 0 0 1 0 0 1
+1 2 0 2 0 0 2 0 0 2
+1 2
+1 2 0 2 0 0 2 0 0 2
+1 2 0 2
+1 2 0 2
+1 2 0 2 0 0 1 0 0 1
+1 2 0 2
+1 2 0 2
+1 2 0 2
+1 2
+1 2
+1 2
+1 2
+2 31 0 31 0 0 28 0 0 28
+1 31 0 31
+1 31 0 31
+1 31 0 31
+1 31
+1 31
+1 31
+1 2 2
+15 7 0 0 2 0 0 1
+1 7
+1 7
+1 6
+1 6
+1 2
+1 2
+24 1 0 1 1 0 1 1 0 1
+1 1 0 1
+2 1 1
+3 4 0 4 1
+1 4 0 4
+2 4 4
+3 2 0 2
+1 2 0 2
+2 2 2

ob=(5)
fl=(88)
fn=(338)
0 11 1 3 2 0 0 2
cob=(1)
cfi=(89)
cfn=(346)
calls=1 71 
0 741209 93670 58441 559 1639 202 535 1236 138
0 5 3 2 1 0 0 1

fn=(522)
0 5 1 2 1 1
cfn=(526) 0x0000000000400620
calls=1 0 
0 8 2 1 2
0 3 2 1

fn=(360) __libc_csu_init
0 15 0 7 2 0 0 2
cob=(2)
cfi=(18)
cfn=(362) 0x0000000000400428
calls=1 0 
0 6 2 0 1
0 8 1 1 0 1
cfn=(366) 0x00000000004006c0
calls=1 0 
0 16 3 1 3 0 0 3
0 11 7 0 1 0 0 1

fn=(392) ntt_1024_1536
0 413860 44542 32782 14 208 65 14 208 65
cfn=(394) bit_reverse_512
calls=6 0 
0 5766 2886 2880 87 0 0 87
0 32 14

fn=(380) main
0 8 0 7 2 0 2 2 0 2
cob=(1)
cfi=(89)
cfn=(347)
calls=1 71 
0 985 276 144 5 4 5 5 3 1
0 5 3 2
0 5 0 2
cfn=(392)
calls=1 0 
0 209829 23721 17831 101 145 32 101 145 32
0 2 0 1
cfn=(392)
calls=1 0 
0 209829 23721 17831 0 63 33 0 63 33
0 23047 3072 1537 2 0 0 2
cfn=(396) intt_1536_1536_inv
calls=1 0 
0 220234 24434 18027 21 84 0 21 84
0 1 0 1
cob=(3)
cfi=(96) /build/glibc-kAz5Pl/glibc-2.27/time/../sysdeps/unix/sysv/linux/clock.c
cfn=(386) clock
calls=1 25 
0 45 12 5
0 1 1
0 8 2 1 1 1 0 1 1
cob=(1)
cfi=(89)
cfn=(347)
calls=1 71 
0 67015 15994 1341 269 1290 113 265 926 67
0 5 3 2
0 21 2 1 0 1
cob=(3)
cfi=(99) /build/glibc-kAz5Pl/glibc-2.27/debug/printf_chk.c
cfn=(402) __printf_chk
calls=1 26 
0 749 176 129 28 6 1 27 2
0 1 1 0 1 1
0 180 18 9
cob=(3)
cfi=(99)
cfn=(402)
calls=9 26 
0 6817 1600 1182 5 0 0 5
0 9 9
0 25 3 0 0 1

fn=(396)
0 175717 19204 13837 10 17 0 10 17
cfn=(394)
calls=3 0 
0 2883 1443 1440
0 41634 3787 2750 11 67 0 11 67

fn=(366)
0 16 3 1 3 0 0 3

fn=(394)
0 8640 4320 4320 87 0 0 87

ob=(2)
fl=(18)
fn=(304)
0 6 2 0 1 0 0 1

fn=(532)
0 3 1 0 1

fn=(86)
0 1 1 0 1 0 0 1
cob=(1)
cfi=(19)
cfn=(88)
calls=1 111 
0 4 2 0 1 0 0 1

fn=(362)
0 4 1 0 1

ob=(5)
fl=(88)
fn=(394)
0 9 9

ob=(2)
fl=(18)
fn=(362)
0 2 1

ob=(5)
fl=(88)
fn=(526)
0 8 2 1 2

ob=(2)
fl=(18)
fn=(462) 0x0000000004a482c0
0 1 1 0 1 1 0 1
cob=(3)
cfi=(120) /build/glibc-kAz5Pl/glibc-2.27/malloc/malloc.c
cfn=(464) malloc
calls=1 3028 
0 63183 15094 785 87 1208 100 84 905 67

fn=(554)
0 3 1 0 1 0 0 1

fn=(540) 0x0000000004026040
0 1 1 0 1 0 0 1
cob=(3)
cfi=(135) /build/glibc-kAz5Pl/glibc-2.27/stdlib/cxa_finalize.c
cfn=(542) __cxa_finalize
calls=1 30 
0 74 22 12 9 2 0 9 2

ob=(3)
fl=(133) /build/glibc-kAz5Pl/glibc-2.27/stdlib/cxa_thread_atexit_impl.c
fn=(518) __call_tls_dtors
145 3 0 2 1 0 0 1
+1 4 2
+18 4 3 0 1 0 0 1

fl=(106) /build/glibc-kAz5Pl/glibc-2.27/stdlib/../sysdeps/ieee754/dbl-64/dbl2mpn.c
fn=(420) __mpn_extract_double
37 1 0 0 1 0 0 1
-2 1
+2 2 0 1
+1 1
+9 2
+9 1
-18 3
+18 1
-18 1 0 1
+9 1 0 1
+9 1 0 0 1 0 0 1
+47 2
+4 1
-4 1 0 1
+4 1 1

fl=(67)
fn=(230)
38 4 2 0 1 0 0 1
+1 3 1
+9 1 1

fl=(121) /build/glibc-kAz5Pl/glibc-2.27/malloc/hooks.c
fn=(466) malloc_hook_ini
30 2 1 1 1 0 0 1
fi=(122) /build/glibc-kAz5Pl/glibc-2.27/malloc/arena.c
291 3 1 0 1 1 0 1 1
fe=(121)
29 3 0 2
cfi=(122)
cfn=(468) ptmalloc_init.part.0
calls=1 289 
* 62445 14967 611 26 1192 89 23 902 56
* 1 1
+4 1
-1 1
cfi=(120)
cfn=(465) malloc'2
calls=1 3028 
* 715 119 169 57 13 11 57 2 11

fl=(69)
fn=(234)
42 5 2 0 1 0 0 1
+4 2
-1 4 1
+12 2
+2 5 1

fl=(99)
fn=(402)
26 143 1 86 3 0 0 3
+4 5 3 0 0 3
-4 30 10 10
+4 182 85 33 2 3 0 2 1
+1 22
+1 22 11 11
+2 11
+1 33 11
-1 55 0 44 1 0 0 1
+1 11 0 11
cfi=(100) /build/glibc-kAz5Pl/glibc-2.27/stdio-common/vfprintf.c
cfn=(404) vfprintf
calls=11 1244 
* 72792 17267 2263 293 1264 114 289 922 67
+3 11
-3 11
+3 11
+1 22 11 11 0 1
fi=(130) /build/glibc-kAz5Pl/glibc-2.27/debug/../libio/libioP.h
805 11 0 11
+1 22 11
+1 88 22 33 1 0 0 1
fe=(99)
43 99 66 0 1 2 0 1

fl=(118) /build/glibc-kAz5Pl/glibc-2.27/libio/filedoalloc.c
fn=(456) _IO_file_doallocate
78 8 1 4 1 0 0 1
+6 4 2 0 1 0 0 1
fi=(128) /build/glibc-kAz5Pl/glibc-2.27/libio/libioP.h
870 3
+2 2
+1 2
fe=(118)
84 3 1 1 0 0 1
cfi=(102) /build/glibc-kAz5Pl/glibc-2.27/libio/fileops.c
cfn=(458) _IO_file_stat
calls=1 1169 
* 14 2 0 2 0 0 2
* 2
+2 4 1 0 1 1 0 1
+11 4 1
+4 2 0 1
cob=(2)
cfi=(18)
cfn=(462)
calls=1 0 
* 63184 15095 785 88 1209 100 85 905 67
* 1
+2 1
-1 2
+2 4 0 1
cfi=(117) /build/glibc-kAz5Pl/glibc-2.27/libio/genops.c
cfn=(498) _IO_setb
calls=1 347 
* 18 4 4 2 2 0 2
+1 1
+1 8 6 0 0 1
-15 1 1 0 1 0 0 1
fi=(139) /build/glibc-kAz5Pl/glibc-2.27/libio/../misc/sys/sysmacros.h
-12 6 0 0 1 0 0 1
fe=(118)
+12 1
-2 2
+5 2 0 1

fl=(61)
fn=(214)
43 2 0 0 1 0 0 1
fi=(62) /build/glibc-kAz5Pl/glibc-2.27/time/../sysdeps/generic/dl-hash.h
+1 1 0 0 1 0 0 1
+1 1
fe=(61)
-2 4 0 2
fi=(62)
+5 3
+14 4
-17 3 1 0 1 1 0 1 1
+3 9
+14 12
-17 9 3
+22 1
fe=(61)
-24 6 0 2
cfi=(63) /build/glibc-kAz5Pl/glibc-2.27/elf/../sysdeps/unix/sysv/linux/dl-vdso.c
cfn=(218) _dl_vdso_vsym
calls=1 -18 
* 17 6 1 3 2 0 3
* 5 1

fl=(111) /build/glibc-kAz5Pl/glibc-2.27/nptl/alloca_cutoff.c
fn=(430) __libc_alloca_cutoff
28 9 1 0 2 1 0 2
+7 1 1

fl=(126) /build/glibc-kAz5Pl/glibc-2.27/misc/sbrk.c
fn=(494) sbrk
32 2 0 2 1 0 0 1
+8 2 2 0 0 1
-8 6 0 4
+8 9 3 0 0 2
+1 2 0 1
cfi=(127) /build/glibc-kAz5Pl/glibc-2.27/misc/../sysdeps/unix/sysv/linux/x86_64/brk.c
cfn=(496) brk
calls=1 -10 
* 12 2 1 2 0 0 2
* 3 1
+3 4 0 0 1 0 0 1
+4 6
+12 5 4
-4 2 0 1 1 0 0 1
cfi=(127)
cfn=(496)
calls=1 -25 
* 12 2 1
* 2
+4 5 4

fl=(84) /build/glibc-kAz5Pl/glibc-2.27/string/../sysdeps/x86_64/multiarch/strrchr-avx2.S
fn=(324) __strrchr_avx2
43 1 0 0 1 0 0 1
+1 1
+2 1
+1 1
+3 1
+1 1
+1 1
+33 1 0 0 1 0 0 1
+1 1
+1 1 1 0 0 1
+1 1
+1 1
+1 1
+1 1
+1 1
+1 1
+1 1
+3 1
+1 1
+9 1 0 0 1 0 0 1
+1 1
+99 1 0 0 1 0 0 1
+1 1
+8 1
+1 1
+1 1
+1 1 0 0 1 0 0 1
+1 1
+2 1
+1 1
+1 1
+1 1
+1 1 1

fl=(97) /build/glibc-kAz5Pl/glibc-2.27/rt/../sysdeps/unix/clock_gettime.c
fn=(388) clock_gettime
93 12 2 4 2 0 0 2
+22 10 2 2
cfi=(98) /build/glibc-kAz5Pl/glibc-2.27/misc/../sysdeps/unix/syscall-template.S
cfn=(390) __syscall_clock_gettime
calls=2 -56 
* 6 2 0 1 0 0 1
* 4
+19 8 6

fl=(95) /build/glibc-kAz5Pl/glibc-2.27/setjmp/sigjmp.c
fn=(378) __sigjmp_save
29 1
-1 2 0 1
+1 2 0 1
+5 3 2

fl=(108) /build/glibc-kAz5Pl/glibc-2.27/stdlib/mul.c
fn=(424) __mpn_mul
48 16 1 8 1 0 2 1
+6 2
+12 2
+5 1 1 0 1 1 0 1 1
+1 2
+70 11 9 0 1 0 0 1
-61 2 0 2 1 0 1 1
cfi=(109) /build/glibc-kAz5Pl/glibc-2.27/stdlib/../sysdeps/x86_64/mul_1.S
cfn=(426) __mpn_mul_1
calls=1 -49 
* 32 4 3 4 0 1 4
* 1 1
+7 1
-5 2 0 1
+1 1 0 0 1 0 0 1
+4 1

fl=(127)
fn=(496)
31 16 2 2 1 0 0 1
+8 2
-6 4 0 0 1 0 0 1
+7 2 2

fl=(132) /build/glibc-kAz5Pl/glibc-2.27/stdlib/exit.c
fn=(516) __run_exit_handlers
40 9 0 6 1 0 0 1
+5 1
-5 1 0 1 0 0 1
+5 2
+11 14 2 2 1 0 1 1
+3 2 2 0 0 1
+2 5
+16 2
+35 6 1 1 1 0 0 1
+2 2 1
-44 6 2 0 1 1 0 1
+2 1
+1 1 1
-1 1 0 1
+4 4 1 1 1 0 0 1
+1 6 1
+29 1 1 0 1 0 0 1
-3 1 0 1
+5 1
-2 2 1
+2 2 1 1
cob=(1)
cfi=(134)
cfn=(520)
calls=1 -78 
* 642 175 94 40 19 6 24 2
+1 1
+11 1 1 0 1 0 0 1
+1 1
-1 1 0 1
+1 1
+5 4 1 1
-73 1 0 0 1 0 0 1
+12 1 0 1 0 0 1
+1 4 1 1
+63 2 1 0 1 0 0 1
+1 11 1 1 0 1
cfi=(117)
cfn=(556) _IO_cleanup
calls=1 918 
* 343 92 79 35 7 0 35 4
* 3
+2 2 0 1
cfi=(137) /build/glibc-kAz5Pl/glibc-2.27/posix/../sysdeps/unix/sysv/linux/_exit.c
cfn=(570) _Exit
calls=1 27 
* 8 1 0 1 0 0 1
-86 1 0 1
cfi=(133)
cfn=(518)
calls=1 +99 
* 11 5 2 2 0 0 2
* 1

fn=(514) exit
139 1 0 0 1 0 0 1
-1 1
+1 3 0 1
cfn=(516)
calls=1 -99 
* 1109 292 196 87 29 9 71 6

fl=(136) /build/glibc-kAz5Pl/glibc-2.27/nptl/unregister-atfork.c
fn=(544) __unregister_atfork
28 4 0 2 1 0 0 1
+8 1 1 0 0 1 0 0 1
-8 3 1 1
+11 2
+82 6 5 0 1 0 0 1

fl=(131) /build/glibc-kAz5Pl/glibc-2.27/stdio-common/_itoa.c
fn=(512) _itoa_word
168 40 0 0 1 0 0 1
+2 20
+9 140 10 10 2 1 0 2 1
+9 20 10

fl=(83) /build/glibc-kAz5Pl/glibc-2.27/misc/init-misc.c
fn=(320) __init_misc
31 2 0 0 1 0 0 1
-1 3 0 2
+1 4 1
+2 3 0 1 1 0 0 1
cfi=(84)
cfn=(324)
calls=1 +10 
* 33 2 0 5 1 0 5
* 1 1 0 1 0 0 1
+1 2
+3 3 1 1 0 1
+1 3 2 1
+2 4 3

fl=(85) /build/glibc-kAz5Pl/glibc-2.27/ctype/ctype-info.c
fn=(326) __ctype_init
31 5 5 0 2 2 0 2
+2 1 1
+2 1 1
-4 1
+4 1
-4 1 0 1
+2 3 1 1
+2 2 1 1
+1 1 1

fl=(65)
fn=(226)
33 5 3 0 1 0 0 1
-1 2
+2 2
+1 3
fi=(66) /build/glibc-kAz5Pl/glibc-2.27/string/../sysdeps/x86_64/multiarch/memcmp.c
-6 1 1
fe=(65)

fl=(109)
fn=(426)
32 9 0 9 1 0 0 1
+3 9
+1 9 9
+1 9
+1 9
+1 9
+2 9
+1 9
+2 9
+1 9
+1 9
+1 9 0 0 1 0 0 1
+1 8
+2 8
+1 8
+1 8 0 8
+1 8
+26 1 0 0 1 0 0 1
+1 1
+1 1
+1 1
+1 1
+1 1
+1 1 1
+1 1
+1 1
+26 1 0 0 1 0 0 1
+1 1
+1 1
+2 1 0 1 0 0 1
+1 1
+1 1
+1 1 0 1
+1 1
+1 1
+2 1 1
+3 1 1
-5 8
+2 8 8
+3 8 8

fl=(57)
fn=(210)
33 4 2 0 1 0 0 1
+3 4 1 0 1 0 0 1
fi=(140) /build/glibc-kAz5Pl/glibc-2.27/string/../sysdeps/x86_64/multiarch/strcat.c
-7 1 1
fe=(57)

fn=(272)
33 4 2 0 1 0 0 1
+3 4 1
fi=(141) /build/glibc-kAz5Pl/glibc-2.27/string/../sysdeps/x86_64/multiarch/stpncpy.c
-5 1 1
fe=(57)

fn=(246)
33 4 2 0 1 0 0 1
+3 4 1
fi=(142) /build/glibc-kAz5Pl/glibc-2.27/string/../sysdeps/x86_64/multiarch/strcpy.c
-7 1 1
fe=(57)

fn=(274)
33 4 2 0 1 0 0 1
+3 4 1
fi=(143) /build/glibc-kAz5Pl/glibc-2.27/string/../sysdeps/x86_64/multiarch/stpcpy.c
-3 1 1
fe=(57)

fn=(204)
33 4 2 0 1 0 0 1
+3 4 1
fi=(144) /build/glibc-kAz5Pl/glibc-2.27/string/../sysdeps/x86_64/multiarch/strncpy.c
-7 1 1
fe=(57)

fl=(72)
fn=(250)
40 1 1 0 1 0 0 1
-2 1
+2 2 1
-2 2
+11 1 1 0 1 0 0 1

fl=(129) /build/glibc-kAz5Pl/glibc-2.27/io/../sysdeps/unix/sysv/linux/write.c
fn=(508) write
27 16 2 0 1 0 0 1
+1 2 2

fl=(94) /build/glibc-kAz5Pl/glibc-2.27/setjmp/../sysdeps/x86_64/setjmp.S
fn=(376) __sigsetjmp
26 1 0 1 1 0 0 1
+9 1
+1 2 1
+1 1 0 1
+4 1 0 1
+1 1 0 1
+1 1 0 1
+1 1 0 1
+1 1
+2 2 1 0 1 0 0 1
+2 1 0 1
+1 1 1
+3 2 1
+2 1 0 1
+8 1
cfi=(95)
cfn=(378)
calls=1 -34 
* 8 2 2

fl=(101) /build/glibc-kAz5Pl/glibc-2.27/string/../sysdeps/x86_64/multiarch/strchr-avx2.S
fn=(408) __strchrnul_avx2
45 32 0 0 1 0 0 1
+2 32
+1 32
+1 32
+2 32 0 0 1 0 0 1
+1 32
+1 32
+4 1 1
+1 1
+1 1
+1 1
+1 1
+1 1
+1 1
+11 31 0 0 1 0 0 1
+1 31
+1 31 31 0 0 1
+1 31
+1 31
+1 31
+1 31
+2 31
+1 31
+1 31
+2 31
+1 31
+2 31
+7 31
+1 31 31
+87 1 0 0 1 0 0 1
+2 1
+7 1
+1 1 1

fl=(102)
fn=(568) _IO_file_sync@@GLIBC_2.2.5
807 4 0 2 1 0 0 1
+5 4 2 0 1 0 0 1
+2 1 1
+1 2 1 0 1 0 0 1
+15 2 0 1 1 0 0 1
+4 4 3

fn=(500) _IO_do_write@@GLIBC_2.2.5
433 4 0 0 1 0 0 1
-2 4 0 2 1 0 0 1
+2 2 0 2
cfn=(502) new_do_write
calls=2 +7 
* 200 52 36 8 2 1 8
* 8
+1 4 4

fn=(564) _IO_file_setbuf@@GLIBC_2.2.5
389 2 0 1 1 0 0 1
+1 1 0 1
cfi=(117)
cfn=(566) _IO_default_setbuf
calls=1 +89 
* 68 16 18 8 0 0 8
* 2
+4 2 1 1 1 0 0 1
-1 2 0 2
+2 3 0 3
+2 1
+1 2 2

fn=(410) _IO_file_xsputn@@GLIBC_2.2.5
1220 168 0 168 1 0 0 1
+7 42
-7 126 0 84 0 0 1
+6 117
+7 55 22
+21 20
+4 10
+2 30
-1 10
+1 10
-2 10 0 10
cfi=(116) /build/glibc-kAz5Pl/glibc-2.27/string/../sysdeps/x86_64/multiarch/memmove-vec-unaligned-erms.S
cfn=(446) __mempcpy_avx_unaligned_erms
calls=10 204 
* 170 20 10
* 10 10
-4 1
+4 1
+2 3
-1 1
+1 1
-2 1 0 1
cfi=(116)
cfn=(446)
calls=1 204 
* 17 2 1
* 1 1 0 0 1
* 11 0 11
+4 22
+18 20
+10 378 294 0 2 0 0 2
-24 1 1
fi=(128)
870 3
+2 2
+1 2
fe=(102)
1266 3 1 1
cfn=(452) _IO_file_overflow@@GLIBC_2.2.5
calls=1 747 
* 134 35 23 10 2 1 10
* 2 0 0 1 0 0 1
+6 2 2
+1 7
+2 2
+11 3
-51 22 11 0 1 0 0 1
+1 22
+3 33
+2 34 11 0 1 0 0 1
-2 30
+4 1 0 0 1 0 0 1
+11 5 0 0 1 0 0 1

fn=(502)
440 32 2 12 1 0 1 1
+2 4 2
fi=(128)
873 4 0 0 1 0 0 1
fe=(102)
457 8 2 2 0 1
cfn=(506) _IO_file_write@@GLIBC_2.2.5
calls=2 1196 
* 90 20 10 3 1 0 3
+1 2
-1 2
+1 8 2
+6 2 2
-4 2 2
+4 2
-4 6 0 6
+1 4 0 4
+3 2
-2 2 0 2
+4 18 14
-17 8 4 0 2 0 0 2
+14 4 2 0 1 0 0 1

fn=(506)
1196 12 0 8
+2 12
+5 2 0 2
cfi=(129)
cfn=(508)
calls=2 27 
* 18 4 0 1 0 0 1
+1 4
+5 2
+1 2
-12 4
+5 10 4 0 1 1 0 1
+10 6 2
+3 18 10 0 1 0 0 1

fn=(458)
1169 1 0 0 1 0 0 1
+1 3 1
cfi=(119) /build/glibc-kAz5Pl/glibc-2.27/io/../sysdeps/unix/sysv/linux/wordsize-64/fxstat.c
cfn=(460) _fxstat
calls=1 34 
* 10 1 0 1 0 0 1

fn=(452)
747 63 21 0 1 0 0 1
+7 21
-8 126 21 63
+8 81 20
+35 40
+3 40 20
+3 60 0 40
+1 60 20
+1 100
+5 80 80
-45 2 0 0 1 0 0 1
+12 2 0 0 1 0 0 1
+9 4 2
+5 2 0 2
+3 1 1 0 0 1
-4 1 0 1
+3 2
-5 1 0 1
+1 1 0 1
+4 1 0 1
+1 4 0 0 1 0 0 1
+3 1
-2 1 0 1
+2 1
+2 1 1
-1 1
+12 3 3
-11 1
-1 1
cfn=(500)
calls=1 433 
* 111 28 20 10 2 1 10
+9 2 2
-1 1
+1 1
-1 1 0 1 1 0 0 1
cfn=(500)
calls=1 433 
* 111 28 20
* 2
-39 2 0 1 1 0 0 1
cfi=(117)
cfn=(454) _IO_doallocbuf
calls=1 362 
* 63304 15122 801 100 1215 101 97 905 67
+1 6 2 3

fl=(63)
fn=(218)
25 20 4 4 1 1 0 1
+1 8 8 0 0 1
+4 8
+18 24 12 0 1 0 0 1
-21 4 0 0 1 0 0 1
+20 4

fl=(116)
fn=(446)
204 12 0 0 1 0 0 1
+1 12
+1 12
+13 12
+1 12
+44 12 0 0 1 0 0 1
+1 12
+2 12
+1 12
+1 12
+1 12
+1 12
+1 12
+1 12
+1 12 12
+1 12 0 12
+2 12 12

fl=(74)
fn=(256)
40 2 2
-2 1
+2 2
-2 2
+11 1 1

fl=(104) /build/glibc-kAz5Pl/glibc-2.27/stdio-common/printf_fp.c
fn=(414) __printf_fp
1272 1 1 0 1 0 0 1
-1 1
+1 4 1 0 0 1
cfn=(416) __printf_fp_l
calls=1 213 
* 65333 15563 1070 201 1239 110 198 916 67

fn=(434) hack_digit
167 27 0 18 1 0 0 1
+3 45 18 0 1 0 0 1
+2 48 24
+2 8 0 0 1 0 0 1
+1 24
-1 8 8
+1 8 0 8
cfi=(109)
cfn=(426)
calls=8 32 
* 160 24 16
* 8 0 8
+32 48 24
-37 54 9 9 1 0 0 1
+37 5 3

fn=(416)
213 16 2 8 2 0 1 2
+50 1 1
-50 1 0 1 0 0 1
+41 1 0 1
+16 1 0 1
-7 1
+10 1
-10 2 0 0 1 0 0 1
+10 1
-10 1 0 1
+10 2
fi=(105) /build/glibc-kAz5Pl/glibc-2.27/stdio-common/../include/../locale/localeinfo.h
+36 1 1 0 0 1
fe=(104)
-15 1
fi=(105)
+15 2 1 1 0 1
fe=(104)
-33 2 1 1
+18 1
+8 1 0 1
-71 1 0 1 1 0 0 1
-1 1 0 1 0 0 1
383 3 1
+5 2 0 0 1 0 0 1
+40 1 1 0 1 0 0 1
+13 1 0 1
-13 6
+1 1
+1 2
+3 4
+1 2 0 0 1 0 0 1
+1 2
-2 1
+1 1
-1 1 0 1
+2 1
+7 1
-8 1 0 1
+1 1 0 1
+7 1
-50 17 3 2 2 2 0 2 2
cfi=(106)
cfn=(420)
calls=1 37 
* 20 1 4 2 0 0 2
* 5 0 1
1265 12 9 0 1 2 0 1
645 2 0 0 1 0 0 1
827 1 1 0 1 0 0 1
+10 2 2 0 0 1
-10 1 1
+10 2 2
-10 1 0 1
+10 3 1 1 0 1 0 0 1
+2 1
-2 1 0 1
+2 1
+10 2 1 0 1 0 0 1
+48 1 1 0 1 0 0 1
-61 1 0 1
+61 2
+14 4 1 0 1 0 0 1
+1 1 1
-1 2
+7 2 1 0 1 0 0 1
fi=(112) /build/glibc-kAz5Pl/glibc-2.27/stdio-common/../sysdeps/pthread/allocalim.h
27 2 0 1
cfi=(111)
cfn=(430)
calls=1 +1 
* 10 2 0 2 1 0 2
+2 2
fe=(104)
928 7 0 2 1 0 0 1
+4 1 1
-3 1 1
+3 1
-3 1
+3 3 1
+12 1 1 0 1 0 0 1
+13 1 0 1
-1 1
+2 3
+4 8 8
-1 8
+2 8 0 0 1 0 0 1
-1 8 0 8
cfn=(434)
calls=8 167 
* 390 97 52 4 0 0 4
* 8 0 8
+3 19 1
-7 32 0 8
+1 2 1
+15 3 2 0 1 0 0 1
+1 3 1 2
cfn=(434)
calls=1 167 
* 53 13 7
+2 7 1
fi=(113) /build/glibc-kAz5Pl/glibc-2.27/stdio-common/../sysdeps/generic/get-rounding-mode.h
94 1 0 1 1 0 0 1
+1 5 1
fe=(104)
1103 3 1 0 1 0 0 1
+13 3 1 0 1 0 0 1
+46 7 3 0 1 0 0 1
+2 6 1 0 1 0 0 1
+2 1
-2 1 0 1
+2 7 2
257 1 0 1 1 0 0 1
1169 2
+2 4 2 0 1 0 0 1
852 1 1 0 1 0 0 1
+2 1 0 1 1 0 0 1
-1 1 0 1
+10 1 0 1
-11 3 1 1 1 0 0 1
-1 1 0 1 1 0 0 1
+1 4 0 1
+3 3 1
fi=(113)
95 2 0 0 2 0 0 2
fi=(114) /build/glibc-kAz5Pl/glibc-2.27/stdio-common/../include/rounding-mode.h
-43 4
fe=(104)
999 4 1
+5 1 1
-1 1
+1 2
+2 2 0 2
-2 4 2
+3 2
-3 10 0 0 1 0 0 1
+5 3 1
+4 2 0 1
+11 2 1 0 1 0 0 1
+69 3
661 4 0 1 1 0 1 1
cfi=(107) /build/glibc-kAz5Pl/glibc-2.27/stdlib/../sysdeps/x86_64/lshift.S
cfn=(422) __mpn_lshift
calls=1 29 
* 15 2 1 2 0 1 2
+1 1 1
+4 1 1
-8 1 0 0 1 0 0 1
+8 1
-18 1 0 1
+38 1 0 1
-24 1
+4 1
-4 3 1 2
+52 1
-49 1 0 1
+1 1 0 1 1 0 0 1
+48 2 0 1
-25 3 2
+1 2 0 0 1 0 0 1
+3 2 1
+9 1 1
-8 2
-1 1
+2 1
+7 1
-7 1
-2 2 1
+2 1
-2 1
+2 2
+7 3
+22 3
+61 12
-2 12
+2 46
671 12 0 0 1 0 0 1
+2 24 12 0 1 5 0 1 5
+7 2 2
+1 3 2
+1 1 1
-2 3
+6 4 0 1 1 0 0 1
cfi=(108)
cfn=(424)
calls=1 48 
* 74 16 14 9 1 4 9 1
* 1
+5 3 0 1
+41 1
+1 2
-1 1
+1 2 0 1
+5 1
-6 1 0 1 1 0 0 1
+6 3
+3 3 1
+34 1 0 1 1 0 0 1
cfi=(110) /build/glibc-kAz5Pl/glibc-2.27/stdlib/../sysdeps/x86_64/rshift.S
cfn=(428) __mpn_rshift
calls=1 29 
* 17 3 2 3 0 0 3
+3 5 2 1
1173 2 0 0 1 0 0 1
+3 5 2 0 1 0 0 1
+9 1 1 0 1 0 0 1
+7 1 1
-7 2
+7 2 1
+5 2 1 1
cfi=(115) /build/glibc-kAz5Pl/glibc-2.27/string/../sysdeps/x86_64/multiarch/strlen-avx2.S
cfn=(442) __strlen_avx2
calls=1 52 
* 19 2 0 2 1 0 2 1
* 1 1 0 1 1 0 1
+2 1 1
-2 1 0 1
+2 2
+5 2 2 0 1 0 0 1
+2 1 1
-2 2
+2 1
-2 1 0 1 1 0 0 1
+2 1
+11 6 1
+7 9 2 2 1 0 0 1
+3 18
+3 18 0 9
-6 30
+1 30 10
+1 4 2 1 1 0 0 1
cfi=(116)
cfn=(446)
calls=1 204 
* 17 2 1 2 0 0 2
* 1 1 0 1 0 0 1
* 1
+2 2 2 0 1 0 0 1
+6 4 2
+17 5
473 1 1 0 1 0 0 1
1251 118 30 11 1 1 0 1 1
cfi=(117)
cfn=(450) __overflow
calls=10 217 
* 63831 15256 872 107 1218 101 104 905 67
* 20 0 0 1 0 0 1
765 3 0 0 1 0 0 1
1254 3 1 0 1 1 0 1
+7 3 2 0 0 1
1085 3 1 0 1 1 0 1
950 1 1 0 1 0 0 1
+2 1 1
-1 1 0 1
831 1 0 1
950 1 0 1
+2 3 0 1 1 0 0 1
-88 3 0 1 1 0 0 1
-77 3 1 0 1 0 0 1
+22 4 1 1 1 0 0 1
1200 2 0 1 1 0 0 1
742 3 0 0 1 0 0 1
+7 1
+3 5 1 0 1 0 0 1

fl=(115)
fn=(442)
52 1
+1 1
+1 1
+3 1
+1 1
+1 1 0 0 1 0 0 1
+32 1
+1 1
+1 1 1 0 0 1 0 0 1
+1 1
+2 1
+1 1
+1 1
+1 1
+6 1
+1 1
+1 1 0 0 1 0 0 1
+4 1
+1 1 1

fl=(125) /build/glibc-kAz5Pl/glibc-2.27/malloc/morecore.c
fn=(492) __default_morecore
46 2 0 0 1 0 0 1
+1 2 0 2
cfi=(126)
cfn=(494)
calls=2 -15 
* 72 18 10 5 3 0 5
+2 6
+3 4 2

fl=(100)
fn=(404)
1244 154 11 77 2 0 0 2
+31 33 22 11 0 2
+8 34 11 1 0 1
+4 55 11 0 1 0 0 1
+11 44 0 11
+11 11 11
fi=(103) /build/glibc-kAz5Pl/glibc-2.27/stdio-common/printf-parse.h
108 22
fe=(100)
1309 33 11 22 0 0 1
fi=(103)
108 11 0 11 1 0 0 1
cfi=(101)
cfn=(408)
calls=11 -63 
* 238 22 0 3 0 0 3
* 11 11 0 1 1 0 1
fe=(100)
1324 11
fi=(103)
108 11 0 11
fe=(100)
1320 11 0 11
+4 66 11 22
+1 55 33 11 3 0 0 3
+3 11 11
fi=(145) /build/glibc-kAz5Pl/glibc-2.27/stdio-common/../libio/libioP.h
870 33
+2 11
-2 11
+2 11
-2 11 0 11
+3 22
fe=(100)
1328 66 22 11 1 1 0 1
cfi=(102)
cfn=(410)
calls=11 1220 
* 209 77 66 3 0 1 3
* 22
1696 55 22 11
+1 33 11
+3 132 99 0 1 2 0 1
1283 20
+45 22 0 0 1 0 0 1
+4 33 22
+4 55 33 0 1 1 0 1
-57 11 0 11
+57 22
-23 11 0 11 2 0 0 1
-8 11 0 11
-59 22 0 22
1378 336 63 21 1 5 0 1 3
-3 21 21
-5 21 0 21
-5 21
+1 21 0 21 1 0 0 1
-2 21
-1 21
-1 21
-1 21 0 21
-1 21 0 21
+15 21
-16 21 0 21
-1 21 0 21
-1 21 0 21 1 0 0 1
+14 21 0 21
-4 21
+8 21 0 21
-1 21 0 21
1637 42
+23 21 0 21 1 0 1 1
+2 42 21 0 0 1
+8 21 21 0 0 1
fi=(103)
108 21 0 0 1 0 0 1
fe=(100)
1670 21
fi=(103)
108 21
fe=(100)
1670 21 0 21
fi=(103)
108 21 0 21
cfi=(101)
cfn=(408)
calls=21 -63 
* 462 42 0 1 1 0 1
* 21 21 0 0 1
fe=(100)
1674 21
-4 21 0 21
+4 42 21
fi=(145)
872 63
+1 42 21 0 1 0 0 1
fe=(100)
1674 105 21 21 0 1
cfi=(102)
cfn=(410)
calls=21 1220 
* 614 193 153 15 3 1 15
* 231 21
+2 53 21 0 1 0 0 1
-33 280 80 10 3 0 0 3
-1 100 30 20 2 0 0 2
cfi=(131)
cfn=(512)
calls=10 168 
* 220 20 10 3 1 0 3 1
* 342 136 0 6 0 0 6
fi=(145)
872 30 0 0 1 0 0 1
+1 20 10
fe=(100)
1642 50 10 20
cfi=(102)
cfn=(410)
calls=10 1220 
* 720 140 90
* 157 31 11 6 0 0 6
cfi=(104)
cfn=(414)
calls=1 1272 
* 65339 15565 1070 202 1240 110 199 916 67
* 2
1529 3 1 1 2 0 0 2
+1 3 1
+26 1
+14 1
-14 3
+43 13 2 0 1 2 0 1 2
+43 80 0 20 1 0 0 1
1324 44 11 22 1 0 0 1
1642 224 61 34 8 0 0 8
+1 12 3 0 1 0 0 1
-1 90 26 6 3 0 0 3
-71 6 1 0 2 0 0 2
+71 100 20 10 1 0 0 1
-84 7 0 6 2 0 0 2
cfi=(103)
cfn=(412) read_int
calls=1 73 
* 13 4 1 2 0 0 2
+4 1
-4 1
+4 6 5
+34 3 2 0 1 0 0 1
+47 40 0 20 1 0 0 1
cfi=(117)
cfn=(450)
calls=10 217 
* 618 160 81 1 0 0 1
* 30 10

fl=(70)
fn=(254)
30 5 2 0 1 0 0 1
fi=(146) /build/glibc-kAz5Pl/glibc-2.27/string/../sysdeps/x86_64/multiarch/strpbrk.c
-1 1 1
fe=(70)

fn=(240)
30 5 2 0 1 0 0 1
fi=(147) /build/glibc-kAz5Pl/glibc-2.27/string/../sysdeps/x86_64/multiarch/strcspn.c
-1 1 1
fe=(70)

fn=(270)
30 5 2 0 1 0 0 1
fi=(148) /build/glibc-kAz5Pl/glibc-2.27/string/../sysdeps/x86_64/multiarch/strspn.c
-1 1 1
fe=(70)

fl=(96)
fn=(386)
25 2 0 0 1 0 0 1
+9 4
-9 6 2 2
+9 2 0 2
cfi=(97)
cfn=(388)
calls=2 +59 
* 40 12 6 3 0 0 3
* 6
+4 4 2
-1 2 2 0 1 0 0 1
+1 12
+1 12 6

fl=(107)
fn=(422)
29 1 0 0 1 0 0 1
+1 1
+2 1
+1 1
+1 1
+12 1 0 0 1 0 0 1
+1 1
+1 1 1
+1 1
+1 1
+1 1
+1 1
+6 1
+1 1 0 1 0 0 1
+1 1 1

fl=(58)
fn=(242)
32 5 2
fi=(71) /build/glibc-kAz5Pl/glibc-2.27/string/../sysdeps/x86_64/multiarch/strncase.c
-1 1 1 0 1 0 0 1
fe=(58)

fn=(262)
32 5 2
fi=(75) /build/glibc-kAz5Pl/glibc-2.27/string/../sysdeps/x86_64/multiarch/strcasecmp_l.c
-1 1 1 0 1 0 0 1
fe=(58)

fn=(278)
32 5 2 0 1 0 0 1
fi=(76) /build/glibc-kAz5Pl/glibc-2.27/string/../sysdeps/x86_64/multiarch/strncase_l.c
-1 1 1
fe=(58)

fn=(206)
32 5 2 0 1 0 0 1
fi=(59) /build/glibc-kAz5Pl/glibc-2.27/string/../sysdeps/x86_64/multiarch/strcasecmp.c
-1 1 1 0 1 0 0 1
fe=(58)

fl=(86)
fn=(328)
488 7 0 6 1 0 0 1
+14 6 4 0 1 0 0 1
758 2
+2 1
+1 1 0 1 0 0 1 0 0 1
+2 1
-3 1 0 0 1 0 0 1
+5 1 0 1
-5 1 0 1
+4 3 0 1
+4 2
+3 2
+2 1
+1 1 0 1 0 0 1 0 0 1
+2 1
-3 1
+5 1 0 1 1 0 0 1
-5 1 0 1
+4 3 0 1
+9 1 1
+2 8 1
-2 1 0 1 0 0 1 0 0 1
+3 8 7
500 1 1 0 1 0 0 1
+4 1
-4 1 0 1
+4 1 0 1
cfn=(330) handle_intel.constprop.1
calls=1 259 
* 456 49 23 14 6 0 14 6
+2 1
-2 1
+2 1 0 1
cfn=(330)
calls=1 259 
* 500 49 23 1 0 0 1
+5 1
-5 1 0 1 1 0 0 1
+5 1 0 1
cfn=(330)
calls=1 259 
* 526 49 23
+8 1
-8 1
+8 1
+11 1
-20 1 0 1
+25 3 1
+4 2 1
+8 6 0 0 1 0 0 1
+3 2
+9 6
+14 2
+4 1
+3 1
+1 1
-4 1
+3 1
-3 1
+3 1
+6 8
-39 3
+3 9
+6 6
-6 3 0 0 1 0 0 1
+6 2
+3 20
+5 2
+4 1
+1 1
-1 3
691 4 0 0 1 0 0 1
+1 5
+4 2
+59 2 0 0 1 0 0 1
592 2 1 0 1 0 0 1
+8 1
+2 1
-2 6 1 0 1 0 0 1
+2 4
-2 1
+4 1
+23 2
-25 2
+2 6
+2 6 0 0 1 0 0 1
+3 2
+1 8
+2 4
+3 2
+5 1
+2 2
+1 1
-1 1
+2 1
-2 1
+1 2 0 0 1 0 0 1
+27 2
+1 1
+1 2
+2 1 1
-1 1
+1 1
-24 3 0 0 1 0 0 1
+4 2 1
+3 1
+2 4
+1 1
+5 2

fn=(332) intel_check_word.isra.0
132 12 0 0 1 0 0 1
+6 6
-10 18 0 12
+10 6
-10 6 0 6
+10 6
-10 6 0 6
+10 12
-10 6
+10 6
+2 6
-2 6
+2 18 0 0 1 0 0 1
250 12
140 24
+2 15
+2 30
+8 30
+51 24
+22 12 0 0 1 0 0 1
fi=(87) /build/glibc-kAz5Pl/glibc-2.27/string/../bits/stdlib-bsearch.h
28 12
-1 24
+8 66
-6 162
+2 162
+1 81
fe=(86)
+87 162 81 0 0 6 0 0 6
+3 81
fi=(87)
-85 30 0 0 1 0 0 1
fe=(86)
+97 3
255 36 30
-91 9 0 0 1 0 0 1
+3 9
-6 3
+3 6
+9 6
+1 6
+4 10
+1 10
+17 5
-32 15
+3 15
+4 16 0 0 1 0 0 1
+2 32
+2 14
+1 4
+5 3 0 0 1 0 0 1
+2 6
+2 3 0 0 1 0 0 1
+2 3
+1 3
-3 3
+2 3
-1 3
+1 3
-2 3
+3 3
-2 9
+2 9
-11 11 0 0 1 0 0 1

fn=(330)
259 21 0 18 1 0 0 1
+2 3 3
-2 9 3 3
+5 9 3
+8 3 0 3
+1 3 0 3
-3 3 0 3 1 0 0 1
+5 12
+6 6
+5 3
-5 9 0 6
+5 3
+2 3
+1 3
-1 3 0 3 1 0 0 1
+5 18 0 3
cfn=(332)
calls=3 132 
* 990 96 12 4 6 0 4 6
+2 6
+3 21 0 3 1 0 0 1
cfn=(332)
calls=3 132 
* 315 15 12 5 0 0 5
+2 6
+19 33 27 0 2 0 0 2

fl=(98)
fn=(390)
59 4 0 0 1 0 0 1
+1 2 2

fl=(137)
fn=(570)
27 2 1 0 1 0 0 1
+4 1
+2 2

fl=(68)
fn=(232)
38 4 2 0 1 0 0 1
+3 4 1
+6 1 1

fl=(119)
fn=(460)
34 1 0 0 1 0 0 1
-1 1
+1 1
+1 6
+4 1 1

fl=(91) /build/glibc-kAz5Pl/glibc-2.27/csu/../csu/libc-start.c
fn=(352) (below main)
137 8 0 5 1 0 0 1
+4 1 1
-4 2 0 2 1 0 0 1
+4 2
+98 1
-98 1 0 1
+98 1
+1 4 0 1
cfi=(92) /build/glibc-kAz5Pl/glibc-2.27/stdlib/cxa_atexit.c
cfn=(354) __cxa_atexit
calls=1 66 
* 68 15 17 9 4 1 9 1 1
+22 4 2
+3 2 0 0 1 0 0 1
+1 5 4 1
cob=(5)
cfi=(88)
cfn=(360)
calls=1 0 
* 56 13 9 7 1 0 6
+4 4 2
+15 2
+12 2 0 1
cfi=(93) /build/glibc-kAz5Pl/glibc-2.27/setjmp/../sysdeps/x86_64/bsd-_setjmp.S
cfn=(374) _setjmp
calls=1 30 
* 28 6 10 3 0 0 3
+1 2 0 0 1 0 0 1
+5 2 1 1 0 1
+1 2 1 1 0 1
+3 2 0 1
+3 6 5 1 1 0 0 1
cob=(5)
cfi=(88)
cfn=(380)
calls=1 0 
* 738821 93048 58053 435 1596 186 429 1224 135
+34 2 0 1
cfi=(132)
cfn=(514)
calls=1 139 
* 1114 292 197 88 29 9 72 6

fl=(117)
fn=(454)
362 2 1 0 1 0 0 1
-1 3 0 3
+3 4 1
+4 4 4 0 0 1
-3 1 1 0 1 0 0 1
fi=(128)
870 3
+2 2
+1 2 0 0 1 0 0 1
fe=(117)
365 2 1 1 0 1
cfi=(118)
cfn=(456)
calls=1 78 
* 63279 15114 797 97 1213 101 94 905 67
* 2

fn=(498)
347 3 0 1 1 0 0 1
+1 4 2 0 1 2 0 1
+3 1 0 1
+2 4
-3 1 0 1
+3 2 0 1
+3 3 2

fn=(558) _IO_flush_all_lockp
749 11 1 7 1 0 0 1
+5 4 1 1 1 0 0 1
+1 11 4 2 2 1 0 2 1
+3 1 1 0 0 1
-8 1
+5 1
+3 1
-3 1 0 1
+3 1
fi=(128)
870 2
fe=(117)
762 1 1
fi=(128)
870 2
fe=(117)
-98 6 0 0 2 0 0 2
-14 3 3 0 0 2 0 0 1
+16 3 0 3
-16 6
+3 3 0 0 1 0 0 1
-1 3 0 3
+1 3
+3 22 10 0 1 3 0 1 2
+14 9 1 3 1 0 0 1
+1 3 1 0 1 0 0 1
+4 12 9
-29 4 0 2 1 0 0 1

fn=(556)
918 2 0 2 1 0 0 1
+3 1
-3 8 1 5
+3 1 0 1
cfn=(558)
calls=1 749 
* 114 32 22 11 7 0 11 4
-72 1 1
+72 1 0 1
-72 2 0 0 1 0 0 1
+1 11 4 2 2 0 0 2
+3 1 1
-3 1
+3 1
-3 1 0 1
+3 1
fi=(128)
+17 2
fe=(117)
-7 1 1
fi=(128)
+7 2
fe=(117)
+23 3 0 3
-40 9 3
+2 9 3 0 1 0 0 1
+2 6 2
+6 12 3 1 1 0 0 1
+8 2 1 0 1 0 0 1
+9 1 1
fi=(128)
-8 2
+1 2
fe=(117)
+7 4 1 1
cfi=(102)
cfn=(564)
calls=1 389 
* 83 19 26 10 0 0 10
+2 3 1
+4 5 1 0 1 0 0 1
+1 9 2 3 1 0 0 1
+10 9 1 3 1 0 0 1
+1 2
+35 12 10 0 1 0 0 1
-62 3 1 0 1 0 0 1
+2 2 0 1
+2 1 1
+1 1 0 1
-1 1 0 1
+2 3 1 1
-28 4 0 2 1 0 0 1
+14 4 1 2 1 0 0 1

fn=(566)
479 2 0 2 1 0 0 1
fi=(128)
870 1
fe=(117)
479 3 0 2
fi=(128)
870 1
fe=(117)
479 3
+1 1 1
fi=(128)
870 1
+2 2
+1 2
fe=(117)
480 2 1 1 1 0 0 1
cfi=(102)
cfn=(568)
calls=1 807 
* 17 7 3 4 0 0 4
* 3 1
+2 2 1
+7 1
-7 1
+10 2 0 2 1 0 0 1
+2 1
-2 1 0 1
+1 3 0 3
+2 6 5
-11 1 0 0 1 0 0 1
348 1
485 1
-1 1 0 1
+1 1
348 3
+7 1
-5 1 0 1
+1 1 0 1
+4 2 0 1

fn=(450)
217 40 0 20 1 0 0 1
+2 60 20
+2 20 20
fi=(128)
870 60 0 0 1 0 0 1
+2 40
+1 40
fe=(117)
221 20 20 0 0 2
+1 40 20
-1 20
cfi=(102)
cfn=(452)
calls=20 747 
* 64109 15336 933 106 1216 101 103 905 67

fl=(135)
fn=(542)
30 2 0 2
+3 1
-3 5 0 4 1 0 0 1
+3 1
-3 1
+3 5 1 1
+3 3 1 0 1 0 0 1
+4 7 1
-4 3 1 0 2 0 0 2
+58 5 1
+4 6 1 0 0 1 0 0 1
-4 3 1 0 1 0 0 1
+12 2 0 0 1 0 0 1
+1 2 0 1
cfi=(136)
cfn=(544)
calls=1 -79 
* 16 7 3 2 1 0 2 1
+2 4 1 1
+1 8 7 0 1 0 0 1

fl=(80)
fn=(314)
52 8 0 4 1 0 0 1
+3 3 1 0 0 1
+14 1 1 0 1 0 0 1
fi=(81) /build/glibc-kAz5Pl/glibc-2.27/csu/../sysdeps/generic/dl-hash.h
-25 1
fe=(80)
+23 1 0 1 0 0 1 0 0 1
+1 1 0 1
fi=(81)
-23 1
fe=(80)
+24 1 0 1 0 0 1 0 0 1
fi=(82) /build/glibc-kAz5Pl/glibc-2.27/csu/../sysdeps/unix/sysv/linux/x86_64/init-first.c
-33 4 0 2 1 0 0 1
fi=(81)
+7 1
+5 3
+14 4
-17 3 1
+3 9
+14 12
-17 9 3
+22 1
fi=(82)
-31 2
+2 2 0 0 1 0 0 1
-2 1 0 1
+2 2 0 1
cfi=(63)
cfn=(218)
calls=1 -13 
* 17 6 1
+2 1
+4 1
-4 1
+4 1
-4 1
+1 2 1
+1 1 0 1 1 0 1 1 0 1
+2 1 0 1
cfi=(63)
cfn=(218)
calls=1 -19 
* 17 6 1
fe=(80)
+37 3
fi=(82)
-36 2 1
+1 1 0 1
fe=(80)
+35 1 0 1
cfi=(83)
cfn=(320)
calls=1 -50 
* 58 10 5 8 2 0 8
+3 1 0 1
cfi=(85)
cfn=(326)
calls=1 -53 
* 16 10 3 2 2 0 2
+5 6 5
-27 1 1 0 1 0 0 1
-7 1 0 1
+7 4 3

fl=(60)
fn=(220)
32 1 1 0 1 0 0 1
-2 1
+2 2 1
-2 3
fi=(149) /build/glibc-kAz5Pl/glibc-2.27/string/../sysdeps/x86_64/multiarch/rawmemchr.c
+1 1 1
fe=(60)

fn=(212)
32 1 1 0 1 0 0 1
-2 1
+2 2 1
-2 3
fi=(150) /build/glibc-kAz5Pl/glibc-2.27/string/../sysdeps/x86_64/multiarch/strrchr.c
-2 1 1
fe=(60)

fn=(238)
32 2 2 0 1 0 0 1
-2 2
+2 4 2 0 1 0 0 1
-2 6
fi=(151) /build/glibc-kAz5Pl/glibc-2.27/string/../sysdeps/x86_64/multiarch/strnlen.c
+1 2 2
fe=(60)

fn=(258)
32 1 1
-2 1
+2 2 1
-2 3
fi=(152) /build/glibc-kAz5Pl/glibc-2.27/string/../sysdeps/x86_64/multiarch/strlen.c
-1 1 1
fe=(60)

fn=(260)
32 1 1 0 1 0 0 1
-2 1
+2 2 1
-2 3
fi=(153) /build/glibc-kAz5Pl/glibc-2.27/string/../sysdeps/x86_64/multiarch/memrchr.c
-1 1 1
fe=(60)

fn=(266)
32 1 1 0 1 0 0 1
-2 1
+2 2 1
-2 3
fi=(154) /build/glibc-kAz5Pl/glibc-2.27/string/../sysdeps/x86_64/multiarch/memchr.c
-1 1 1
fe=(60)

fn=(276)
32 1 1 0 1 0 0 1
-2 1
+2 2 1
-2 3
fi=(155) /build/glibc-kAz5Pl/glibc-2.27/string/../sysdeps/x86_64/multiarch/strchrnul.c
+1 1 1
fe=(60)

fl=(77)
fn=(282)
42 2 0 0 1 0 0 1
fi=(62)
+2 1
+1 1
fe=(77)
-3 3 0 2
fi=(62)
+1 1
+5 3 0 0 1 0 0 1
+14 4
-17 3 1
+3 9
+14 12
-17 9 3
+22 1
fe=(77)
-25 6 0 2 1 0 0 1
cfi=(63)
cfn=(218)
calls=1 -17 
* 17 6 1
* 5 1

fl=(92)
fn=(358) __new_exitfn
84 2 1 0 1 1 0 1
-6 2 0 2
+1 2
-1 1
+11 5 1 0 0 1
+2 3 1 0 1 1 0 1
-2 1 1 0 1 0 0 1
+10 2 0 1
-10 2
+45 1 0 1 1 0 0 1
+1 1 0 1
+4 4 3
-19 1
+1 2 0 1

fn=(354)
66 2 0 0 1 0 0 1
cfn=(356) __internal_atexit
calls=1 -30 
* 66 15 17 8 4 1 8 1 1

fn=(356)
36 8 0 4 2 0 0 2
+3 1
-3 1
+3 6 1 1 0 1 1 0 1 1
+1 2 0 1 1 0 0 1
cfn=(358)
calls=1 +44 
* 29 7 6 4 3 0 4
+2 2
+7 2 1
+3 1 0 1
-1 1 0 1
+2 1 0 1
+1 1 0 1
+1 4 1 1 1 0 0 1
+1 1
+1 6 5

fl=(64)
fn=(222)
32 2 2 0 1 0 0 1
-2 2
+2 4 2 0 1 0 0 1
-2 6
fi=(156) /build/glibc-kAz5Pl/glibc-2.27/wcsmbs/../sysdeps/x86_64/multiarch/wmemchr.c
+1 2 2
fe=(64)

fn=(236)
32 2 2 0 1 0 0 1
-2 2
+2 4 2 0 1 0 0 1
-2 6
fi=(157) /build/glibc-kAz5Pl/glibc-2.27/wcsmbs/../sysdeps/x86_64/multiarch/wcschr.c
+1 2 2
fe=(64)

fn=(268)
32 1 1 0 1 0 0 1
-2 1
+2 2 1 0 1 0 0 1
-2 3
fi=(158) /build/glibc-kAz5Pl/glibc-2.27/wcsmbs/../sysdeps/x86_64/multiarch/wcslen.c
-1 1 1
fe=(64)

fl=(110)
fn=(428)
29 1 0 0 1 0 0 1
+1 1
+1 1
+13 1 0 0 1 0 0 1
+1 1
+16 1 0 0 1 0 0 1
+1 1 1
+1 1 1
+1 1
+1 1
+1 1
+1 1
+5 1
+1 1 0 1
+1 1
+1 1 0 1
+1 1 1

fl=(120)
fn=(486) tcache_init.part.5
2986 1 1 0 1 0 0 1
-9 1 0 1
+9 9 2 1 1 1 0 1
+1 3 0 1
cfn=(488) _int_malloc
calls=1 3521 
* 389 74 60 44 8 2 44 2 2
+1 1
-1 1
+1 1 0 0 1 0 0 1
+8 4 1 1
+7 2
+2 1 1
+1 2
-1 1 0 1 1 0 0 1
+1 78 0 73 0 0 8 0 0 8
+3 2 2

fn=(490) sysmalloc
2274 8 0 6 1 0 0 1
+20 1 1
+11 1
-11 1 1
+11 1
+1 4 1 0 1 1 0 1 1
fi=(122)
535 1
fe=(120)
2321 2
fi=(122)
535 1
fe=(120)
2321 2 0 1
+66 1 1
+1 3 1
+10 1
-9 1
+9 3
+6 4 0 1 1 0 0 1
+3 3
2724 2 1 0 1 0 0 1
+1 1 0 1
+5 2 1 0 1 0 0 1
+3 2 1
+5 1
-3 1
+3 1
-2 1
+2 3
+1 1
-1 1
-1 1 0 1
+4 1
-3 2 0 1
+1 1 0 1 1 0 1 1 0 1
+2 1
+6 9 7 0 1 0 0 1
2460 3 1 0 1 0 0 1
+19 2
-11 1 1
+11 1 0 1
-11 1 0 0 1 0 0 1
+21 4 2 2 0 2
cfi=(125)
cfn=(492)
calls=1 46 
* 61 12 8 6 2 0 6
+4 1
-4 1
+4 2 1
+3 4 2 0 1 0 0 1
+1 2
+46 2 1
+2 2 1
+6 1
-6 1 0 1
+6 1
-82 1 0 0 1 0 0 1
+10 2
+8 1
-8 1 0 1
+8 1
+67 4 1 0 1 0 0 1
+34 2
+6 3
+22 2 0 0 1 0 0 1
+1 5 1
+2 1
-2 1
+2 1
+1 4 2 2
cfi=(125)
cfn=(492)
calls=1 46 
* 25 8 4 0 1
+12 3 1 0 1 0 0 1
+48 1
+1 1
-2 1 0 1 1 0 0 1
+1 2
+12 1
-12 1 0 1 0 0 1 0 0 1
+1 1 0 1
+11 1
2544 2 0 1 1 0 0 1
-3 3 0 0 1 0 0 1
+99 2 2 0 1 0 0 1
+1 4 1 0 1 0 0 1

fn=(488)
3521 12 0 12 1 0 0 1
+32 2
-32 2
+32 18
+4 12 0 2 1 0 0 1
+24 4 2
+58 5 0 0 1 0 0 1
+62 32 0 10 2 0 0 2
+1 3 1
+20 2 2 0 1 0 0 1
-1 4
+1 2 2
-1 2
+1 4
-2 5 1 1
+6 3 0 2
+66 1 1
-40 2
3879 1 1
3731 1
+1 1
+20 2 0 2
+40 2 1 1
-60 2
-12 1 0 0 1 0 0 1
+6 3 0 2
+66 1 1 0 0 1
-40 2
3879 1 1
3731 1
+1 1
+20 2 0 2
+40 2 1 1 1 0 0 1
-60 2
4131 18 14 0 1 0 0 1
3642 3 0 0 1 0 0 1
+2 1 1
-2 1
+2 2
3904 4 0 0 1 0 0 1
+2 4 1
+3 1 1
-3 1
+3 2
+68 4 2
+1 4
+3 2 0 0 1 0 0 1
-2 2
+2 2
-2 2
+1 4 2
+6 4
3703 20 0 5 2 0 0 2
-62 13 0 5 1 0 0 1
+79 2 0 1 1 0 0 1
3993 12 3
-3 15 0 0 1 0 0 1
4090 2 2
+3 2
-2 4 2
+2 5 0 1
+17 3 1 0 1 0 0 1
3893 4 0 0 1 0 0 1
1887 1 1 0 1 0 0 1
4103 1
1887 2
4125 3 0 1 1 0 0 1
cfn=(490)
calls=1 2274 
* 236 52 35 25 6 2 25 1 2
+1 1
-1 1
+1 1
1887 3 1 0 1 1 0 1 1
4098 1
-3 1
+3 1
-2 1
+2 3
+2 1
-2 2
-1 1 0 1
+1 2 0 1
+2 2 0 1 1 0 1 1 0 1

fn=(464)
3028 3 0 2 1 0 0 1
+5 2 2 0 0 2
+1 2
+1 1 1 0 1 0 0 1
+46 3 2
-46 1
cfi=(121)
cfn=(466)
calls=1 30 
* 63171 15089 783 85 1206 100 82 905 67

fn=(465)
3028 3 0 2
+5 2 2 0 0 2
+1 2
+5 7 0 0 1 0 0 1
+3 1 1
-2 3
+2 3 1 0 0 1
+13 4 1 0 1 0 0 1
+2 3 0 1
cfn=(488)
calls=1 3521 
* 158 23 26 4 0 1 4 0 1
+1 1
-1 1
+1 6 1
-19 4 0 0 2 0 0 2
-56 5 2 2 0 1
cfn=(486)
calls=1 +3 
* 496 81 138 48 9 10 48 2 10
+62 3 2
+2 5 1 0 1 0 0 1
+1 3 1
+33 5 3

fn=(480) malloc_init_state
1809 4 0 0 1 0 0 1
+8 3 0 2 0 0 1 0 0 1
-3 2
+3 378 0 252 0 0 32 0 0 31
-3 252
+7 3
+5 1 0 1 0 0 1 0 0 1
+2 1 0 1
+1 1 1
-4 2 0 1 1 0 1 1 0 1

fl=(103)
fn=(412)
73 1 1 0 1 0 0 1
+6 1
+6 1
-12 3 1
+2 6 1 1 1 0 0 1
+18 1 1

fl=(123) /build/glibc-kAz5Pl/glibc-2.27/elf/dl-addr.c
fn=(470) _dl_addr
126 9 0 6 1 0 0 1
+2 1
-2 1
+5 1 1 0 1 0 0 1
-5 1 0 1 0 0 1
+5 2 1 1 0 1
cob=(1)
cfi=(2)
cfn=(52)
calls=1 784 
* 2 1 1 0 0 1
+2 2 0 1
cob=(1)
cfi=(89)
cfn=(347)
calls=1 -62 
* 1151 347 153 3 24 23 3 3 20
* 5 3 2 2 2 0 1
+2 3
30 1 1
+1 1 1
-1 1 0 1
+1 1 0 1
+3 2 1 0 1 0 0 1
+5 1 1
+6 1 1 0 0 1
-7 1 1
+2 3 2 1
+2 3 2 1 0 1
+3 1
+5 7 2 0 1 0 0 1
-6 2
+6 4043
+2 1010 1010 0 0 62 0 0 19
+1 2020
-1 1 1 0 0 1
+1 2
+2 3664 916 0 1 0 0 1
+9 2052 656 0 0 90 0 0 77
+7 28
-2 28
+2 2353 28 0 0 1 0 0 1
-2 2297
+2 6003 2297 0 0 142 0 0 85
-10 11625 2325 0 1 492 0 1 451
+2 9300 2325
+1 14806 4644 0 0 290 0 0 264
+36 2 0 0 1 0 0 1
+1 1 0 1 0 0 1
+1 3 1 0 0 1
+3 2 0 0 1 0 0 1
+36 2 1 1 0 1
cob=(1)
cfi=(2)
cfn=(54)
calls=1 790 
* 2 1 1 0 0 1
+3 9 7 0 0 1
-27 1 0 1 1 0 0 1
+1 1 0 1
+20 2

fl=(73)
fn=(252)
32 4 4 0 1 0 0 1
-2 2
+2 4
-2 4 0 0 1 0 0 1
+5 2
-1 8
fi=(159) /build/glibc-kAz5Pl/glibc-2.27/wcsmbs/../sysdeps/x86_64/multiarch/wmemset.c
-3 2 2
fe=(73)

fl=(122)
fn=(468)
289 2 0 1 1 0 0 1
+5 1 0 1
-5 3 1 1 0 0 1
+13 2 1
+6 2 1 0 1 1 0 1
+5 1
-5 1 0 1 0 0 1
+2 1 0 1
cfi=(120)
cfn=(480)
calls=1 1809 
* 647 1 257 2 0 35 2 0 34
+3 4 0 1
cob=(1)
cfi=(89)
cfn=(347)
calls=1 71 
* 1062 325 150 2 64 23 0 2 2
* 5 3 2 1 2 0 1
+1 4 0 1 1 0 0 1
cob=(1)
cfi=(9)
cfn=(26)
calls=1 +59 
* 18 4 1 0 1
* 1 1
+1 4 0 1
cob=(1)
cfi=(9)
cfn=(26)
calls=1 +58 
* 19 4 1 0 2
* 1 1
+1 4 0 1
cob=(1)
cfi=(9)
cfn=(26)
calls=1 +57 
* 18 4 1 0 1
* 1 1
+1 4 0 1 1 0 0 1
cob=(1)
cfi=(9)
cfn=(26)
calls=1 +56 
* 18 4 1 0 1
* 1 1
+1 4 0 1
cob=(1)
cfi=(9)
cfn=(26)
calls=1 +55 
* 19 4 1 0 1
* 1 1
+1 4 0 1
cob=(1)
cfi=(9)
cfn=(26)
calls=1 +54 
* 18 4 1 0 1
* 1 1
+1 4 0 1 1 0 0 1
cob=(1)
cfi=(9)
cfn=(26)
calls=1 +53 
* 18 4 1 0 2
* 1 1
+2 4 0 1
cob=(1)
cfi=(9)
cfn=(26)
calls=1 +51 
* 18 4 1 0 1
* 1 1
+1 4 0 1
cob=(1)
cfi=(9)
cfn=(26)
calls=1 +50 
* 18 4 1
* 1 1
+1 4 0 1 1 0 0 1
cob=(1)
cfi=(9)
cfn=(26)
calls=1 +49 
* 18 4 1 0 2
* 1 1
+71 2 2 0 0 2
+1 2
+4 2 2
-1 1 0 1 0 0 1
+1 4 2 0 0 1
-97 5 0 1 1 0 1 1
cfi=(123)
cfn=(470)
calls=1 126 
* 60460 14577 174 14 1110 27 13 900 20
* 2
+1 4 2

fl=(93)
fn=(374)
30 1 0 0 1 0 0 1
+2 1
cfi=(94)
cfn=(376)
calls=1 -6 
* 26 6 10 2 0 0 2

fl=(56)
fn=(202)
44 10 4 0 1 1 0 1
+4 4 0 0 1 0 0 1
-1 4
+12 4
+2 10 4 0 1 1 0 1

fn=(248)
44 5 2 0 1 0 0 1
+4 2
-1 2
+12 2 0 0 1 0 0 1
+2 5 2 0 1 0 0 1

fn=(224)
44 5 2 0 1 0 0 1
+4 2
-1 2
+12 2 0 0 1 0 0 1
+2 5 2 0 1 0 0 1

ob=(4)
fl=(79)
fn=(534)
0 8 3 2 1 2
cob=(2)
cfi=(18)
cfn=(540)
calls=1 0 
0 75 23 12 10 2 0 10 2
0 1 0 1
cfn=(548) 0x0000000000001050
calls=1 0 
0 8 2 1
0 3 2 1

fn=(308)
0 17 3 2 3 0 0 3

fn=(548)
0 8 2 1

totals: 863327 122601 69576 1306 2907 744 1276 2351 656
